8170
2465
6468
7858
9288
3781
1311
6062
5644
4552
5346
296
4954
7745
6412
2524
6882
8065
5485
1698
7196
5302
8733
3313
1917
4908
336
6350
4424
9484
407
419
7454
2923
2222
3477
3380
9606
8112
1388
2959
3866
725
6400
8411
271
5610
6928
8584
9440
8049
9852
1453
501
6416
6260
1507
3106
5240
5000
1630
2461
3107
2316
8300
4726
2696
3796
9678
4353
7656
5679
160
1704
8047
6170
4733
1321
6352
4442
7041
1039
7186
9735
9820
7446
383
8559
2270
4424
8892
1739
6445
6964
6209
1126
9310
5368
4912
6665
2093
6334
42
232
1182
5938
5599
4363
2743
5429
6960
4767
8145
5688
6935
3003
1710
9192
7393
9303
3420
706
6317
6572
5006
550
1651
7411
602
9834
2108
1690
2810
8139
2616
9733
5131
8695
4382
5089
562
2142
4236
3452
9991
6523
9925
7570
8152
8113
7418
9011
3617
4353
9002
3455
1333
6583
8845
8547
7027
6944
8274
3842
2557
8793
5173
7983
435
282
9408
5525
7375
3872
3284
6049
9343
6130
2941
5217
958
917
3876
1069
6473
7463
6250
4666
4651
5032
5519
3590
1411
5416
384
7472
1164
8186
2470
7531
1762
6541
3270
8752
5146
8746
1455
9380
8702
1871
3047
4465
236
9184
9232
511
1603
3067
8390
214
5100
6605
9989
7296
1722
4478
1272
8017
9688
8048
2956
1597
4584
7649
4921
7098
1988
2501
9552
2612
2990
5348
1461
9668
8981
4879
4287
6130
9616
4191
6302
949
684
2637
263
9901
618
2839
548
5003
7000
531
4547
6723
6928
978
3988
4787
8561
9896
5067
5205
1735
4035
604
3685
3633
3159
9691
8359
4565
7017
9101
4718
2445
4868
319
8361
5980
4765
1752
4980
6644
4992
1880
8450
8304
2221
7864
5218
1081
3084
6896
2942
3988
6427
100
7130
3593
6073
8274
6580
7414
9971
9404
552
903
30
3216
4884
7012
4821
7676
1041
7912
2303
9683
2430
2109
7721
4924
3495
2735
7351
1431
4380
1026
2801
5779
9180
8892
5761
81
6304
7989
3816
2885
3303
5743
8255
9201
5731
1029
8916
3214
632
1947
214
9402
1312
3473
8631
8960
7547
8389
4631
8009
5873
4844
3623
1654
7481
5171
2450
9232
2097
178
6924
5741
2004
223
2428
9781
7223
1037
2059
3720
3542
5271
2786
7522
4737
1954
8009
145
5336
5895
4659
9865
4896
7010
8969
4193
2220
4529
2276
7406
7257
3273
8637
7333
907
8727
179
4221
9099
5005
8910
3981
1408
6044
8212
1728
2628
1894
8201
2177
7652
3103
3638
3802
6593
3110
4006
6678
2830
5089
100
9323
5989
3771
2074
5196
1868
4364
9377
8688
5066
5634
1519
8687
7704
7926
8088
344
8788
525
8402
6091
5701
3121
4756
303
3938
2005
5921
4158
4794
2771
488
203
7250
2169
3968
6552
9713
2416
3716
6537
7093
4641
2329
7204
3716
7138
7990
907
4841
8429
4336
8191
1282
3203
816
2912
6104
9601
222
1759
3296
6534
521
8080
90
4109
8062
3799
8086
6407
202
6644
9848
9109
2144
4460
6861
7566
103
7730
1723
746
4286
6813
1898
756
4585
3176
1053
3209
7992
4458
3152
1916
6215
1181
9954
5354
4790
335
9472
5751
2164
6929
7005
6754
3626
169
1284
240
3867
5991
3438
3732
7319
2245
9859
8546
1285
5743
8450
8491
359
2125
2810
4376
9309
7973
3689
277
9836
9714
3446
5875
4344
2775
1840
5731
396
5542
7327
1850
3736
7573
9959
5947
6340
2788
2338
4804
7993
5217
8924
5156
2536
1663
8267
4596
2672
6183
5260
4905
9517
9767
1651
8454
3922
4330
6963
4949
6032
9863
8954
546
7500
2107
9197
3598
7571
6792
1716
1292
1193
9350
2539
6111
3127
7126
6387
8115
9399
6061
3506
2230
9566
7622
6943
3787
2353
1488
3519
4188
9860
8258
4933
1010
9459
9166
1731
7720
3784
2709
7939
1557
1858
2889
9779
7010
1195
8661
9182
1319
924
6060
9509
1713
6291
9492
6531
5367
5942
9422
2018
3992
1312
7142
8180
551
9696
3572
1172
6409
2473
4533
8525
9877
2292
5296
8164
4179
9523
1602
3870
7858
7896
8447
36
8125
8644
9406
70
6834
1352
9693
8855
3768
4644
5031
6034
9571
5511
2906
1341
7006
503
1460
2807
9323
7689
7322
9180
7338
2510
3066
3445
5671
97
3706
5663
9355
1755
9173
1410
1837
8088
4664
7099
4028
4092
3265
5258
1855
8965
7892
3127
469
417
5558
9030
6155
772
2681
9159
427
9330
3925
8410
6097
5476
6815
6000
7450
4561
9354
84
2569
8434
7075
1311
6022
8597
9939
122
871
6351
6724
4613
3180
2411
6024
1782
1250
9095
8217
4316
6973
2803
6456
8744
5797
1039
3364
6351
6861
9342
6550
8420
8460
3890
728
8833
6755
232
4899
7853
8695
4232
6850
8084
332
941
4845
7760
2366
7957
4338
4304
1221
8383
4947
7658
338
1359
3475
7700
6062
5217
1872
1604
1445
3704
9538
6335
4921
8860
3827
5520
24
3998
2591
7173
7957
4547
8801
2713
810
2949
992
1057
1235
8497
8515
392
1707
3817
4256
6964
5187
4792
8962
1182
4976
6386
5356
7490
6158
6468
364
6313
9551
6450
2500
4405
8221
1759
4585
2977
2556
7066
5854
7280
5272
9306
57
5907
3285
1013
6615
5227
6201
7639
4776
6618
6857
9147
3085
6826
3820
2844
4159
5171
8337
1099
7327
1325
2636
2407
8392
4899
9328
687
3861
6995
5400
4228
2990
7918
89
7316
5871
9033
1157
6572
4321
8821
2474
4772
9531
5639
1947
5639
2129
2636
7182
8745
3054
2078
9239
1323
710
8806
9281
5698
9912
3252
9896
7911
7842
9450
7608
4901
8530
9372
779
5818
2879
5926
2937
4704
5135
7920
6843
6483
1901
9856
9474
503
6303
7479
2397
3553
1329
9292
9372
3788
9510
9758
3517
8310
5576
766
4738
7089
5542
8528
555
717
9195
6351
5457
3131
2559
735
3156
4526
1263
6177
7697
3574
9400
6334
6124
3242
3453
8096
7923
1984
3070
9418
9776
9606
8785
1962
5538
4833
6954
1439
2664
5617
7251
2737
1070
4325
9085
7454
2510
5880
5062
3101
8774
5240
8834
7541
3601
7054
6659
5490
3977
3627
4609
4938
2814
4826
1739
5327
8215
1451
1908
5086
5759
5169
6251
1099
5531
6629
3673
4434
4505
9050
7947
7491
6808
8140
7517
7491
525
5354
7766
3544
4008
973
4468
9080
8965
7897
8122
4077
4811
3913
6145
6611
654
2913
474
4991
2528
6045
7777
283
5191
8685
9958
1266
7314
2128
7781
4183
6016
2986
2956
9517
6337
6546
6170
3281
295
7785
4781
7617
6312
2645
9256
2931
9215
3767
5030
3052
7851
4537
6199
7549
6029
395
5699
2855
4791
6486
7836
4068
9221
443
6197
4699
8926
1265
1281
4501
2007
8181
5963
2100
7226
3047
7346
2231
9401
8941
1956
8376
1648
589
3533
810
6533
4684
3227
7967
4737
6316
6251
6246
4863
8824
2505
3011
5985
6640
9394
9652
3146
6539
4793
778
6840
6900
5061
8200
2275
1108
6760
7619
1543
6304
881
5118
7094
789
4254
8670
4248
9281
7439
9185
1987
3490
4109
8448
7821
8660
6229
9515
9141
5749
5894
5944
3938
4857
1011
8480
2167
5634
5655
8914
4579
8178
3019
4184
2879
9644
1987
7104
5074
8591
9847
6487
4415
3496
4673
4395
6713
5809
512
1651
2014
9228
4574
2395
5891
4519
3326
5471
1747
7756
7441
2836
7934
4469
8267
8220
5170
5984
509
2698
2461
8431
8274
1542
7443
3708
4216
1761
8653
208
8237
194
6965
9768
12
6528
4181
4945
4592
9074
6046
7884
918
174
5314
8654
9832
2472
2906
5674
446
457
4282
4137
2851
9255
5642
5217
8506
5323
4706
6259
963
1811
86
8594
3631
1510
4872
3785
6998
1168
6523
7388
3084
9588
8178
8077
5116
98
1329
6000
8969
4712
4536
6649
38
6021
9903
8859
8088
8134
6487
4213
2819
5901
2833
7373
4495
1396
916
8050
4769
3275
1540
8745
9751
6488
347
1983
1930
9165
6061
4359
2883
1323
2161
8066
5889
2721
4548
67
4335
6701
9539
5481
7734
9311
530
5537
4952
9661
275
3322
8036
8413
3245
9216
6994
8144
7298
6558
4985
4920
9247
421
2361
3723
4968
7078
7664
1204
4065
4120
9189
7762
1544
2045
6575
3055
7867
1295
2272
7983
8112
1991
9524
1347
810
7615
8389
495
4868
9013
8589
3300
4642
4110
1499
121
662
9101
4454
4479
4459
1226
312
4513
4949
3360
602
8967
3113
4259
2379
1181
5094
837
7613
9290
7574
621
1179
5959
7255
2479
2429
2930
3631
63
2191
2044
5549
4422
8851
4416
5190
863
9617
8507
7040
2632
9675
4879
5335
456
3631
3981
208
5831
7373
8758
981
8286
4088
4454
5696
6397
2780
5827
2830
9421
6284
9421
161
1495
5494
2111
8122
6819
3344
304
4210
3353
2877
7692
7785
605
3994
342
2135
2377
9322
2556
7187
5242
4079
7971
8072
3325
6721
7071
1091
239
1154
2245
2389
4237
5366
3864
9694
9877
2727
1430
791
5600
3807
7488
356
9368
9089
5741
3356
623
1320
8777
4177
8072
7898
505
8632
4099
1528
5176
3159
7071
6721
301
2737
81
8845
9157
2054
4105
5294
5370
6187
2124
7017
8079
9764
5464
4369
1300
6871
712
8604
5950
7283
3006
1072
842
8503
969
6824
2347
8922
2311
3983
2274
7180
9817
2529
5005
5270
2439
5060
3121
1613
7466
9456
3155
5394
6678
1365
8997
3764
6525
78
9350
9588
9350
9597
2054
1755
9198
1320
5921
33
9540
7765
3512
678
4390
624
8307
4557
4170
3739
3121
1557
1144
2794
919
5585
7327
3928
7283
9776
1699
683
4736
6978
9194
2045
3613
5504
4483
9548
3216
3386
3106
5855
9187
9440
517
182
1897
4135
1289
4119
368
6305
8376
4846
248
3235
5463
8684
8111
2027
8722
5574
1648
6906
6788
474
3188
4663
7089
1124
6053
4091
1688
9538
5301
9977
9253
4212
7234
8510
5004
847
8448
7437
1226
7941
1226
7724
542
318
5464
4160
1369
4303
404
8402
3802
2814
8103
9732
9789
4581
1134
7221
4680
6092
7013
7702
3297
1288
2949
5778
7512
1258
5964
7576
8903
406
7656
3590
7125
7399
3252
6281
2966
1702
7671
1770
3232
6688
4408
4810
84
2329
3679
3999
9677
9011
6352
6584
4262
5108
6825
57
9659
245
5359
1509
6844
9686
4681
1761
6289
7857
8229
4149
4539
8851
4190
2247
9561
5300
6083
1507
1818
2107
6058
1930
6468
748
7098
2458
5687
5407
6823
6978
5887
2988
8291
3583
3023
5221
9133
9238
1570
1991
439
4892
9442
6476
2845
2263
2322
7604
2728
9019
594
3671
4152
7177
7898
2465
1565
6836
3722
4771
873
7032
7149
1666
3093
3463
1595
806
2205
2148
6434
1426
7154
414
5682
1290
2604
9272
8356
9673
2481
7333
5112
6566
1133
7662
2682
7542
6812
8355
1420
630
995
9204
1496
617
193
3888
1714
2196
2333
4332
4076
6190
9074
1531
6668
4343
1156
3576
7770
7418
9878
8586
5473
589
8772
3718
6286
1129
1387
3572
9466
6730
5176
3275
2555
8013
5679
59
427
3328
874
9661
5687
4652
6310
8290
5400
1858
5135
8320
8270
4791
2725
6387
8479
3793
5322
1520
5329
4956
4922
262
4925
2559
6550
564
356
3320
3711
9942
9542
6157
941
7803
4759
6914
21
4110
50
9050
2865
7376
6777
7586
2701
7007
9967
8169
6618
1312
583
9530
4966
8478
3149
7222
4081
3640
170
2522
3092
3864
4280
1498
3940
7452
5805
1963
704
3059
3439
5715
6306
7313
7066
4405
7765
4011
2054
1153
9782
4123
3156
4466
4447
5256
3052
529
6130
6434
7559
4026
9325
5932
95
7144
6562
4887
6125
4091
6469
3740
53
5545
3211
5040
3868
3521
2379
8709
2688
4486
5976
3385
4288
1134
7234
498
7364
354
299
4373
2771
3419
8847
9154
3001
9414
3148
3574
7745
7625
2229
8044
5418
4885
8566
3961
6967
9849
447
2864
5405
9535
6936
430
7222
1489
927
7650
7136
9895
3895
3851
40
1266
40
9197
7054
3579
9254
4407
5879
5865
9769
3922
8334
7471
4813
2138
9075
6025
3659
7671
2367
8453
5068
2113
1820
5162
1429
2049
2152
2718
6459
8861
5245
7443
8842
2182
2407
3859
4588
215
1956
7542
8359
1332
492
8949
1071
8778
2704
3719
7527
715
8192
5527
4507
6385
1867
9137
9620
4371
3923
2598
9307
8806
6978
6309
917
3703
6150
5390
6625
4721
2239
2574
9659
4953
631
4613
48
4577
6900
1869
9361
3511
3994
4611
8521
5187
5370
6321
5549
4852
5123
2223
8669
1096
1487
6219
9930
3388
4765
6635
5237
9515
8282
6358
4655
8366
2948
513
8721
1205
6814
6139
3806
3922
9938
7040
3562
7336
2849
1404
9077
9970
1124
521
5549
6742
9148
2453
7562
8686
1980
9577
3926
5113
8501
3541
7912
816
8334
889
9092
436
6430
8794
2627
6729
4200
5318
1762
930
6665
7195
2729
1787
8806
6271
9254
6698
5921
9946
7321
5369
7612
9946
4213
8525
485
8261
4174
4386
8434
2595
3967
7865
2236
6562
1305
4544
6466
1871
2578
2237
1174
8861
8287
5547
886
6495
815
1940
756
4569
7502
3972
5216
8933
7893
79
7417
1760
2799
500
5047
7032
2302
7374
979
2436
2412
530
4630
2163
9208
6163
8068
4260
5601
5331
326
2241
9686
7084
6175
2166
3123
4809
37
1925
1495
5068
2511
5790
8756
4958
374
3430
3243
2075
2282
2518
575
6010
9925
1329
9067
5860
662
7960
441
8390
2251
4352
7047
2373
6139
4348
879
1542
2043
7285
1343
7721
3964
7552
8095
8777
1727
7039
3211
9226
396
7695
8287
6041
9024
1386
9882
6607
2634
7450
6468
5890
9785
9210
2494
8421
7026
8869
1330
1866
9701
1974
911
7774
7784
9574
2721
1409
2545
2926
4109
1530
1778
948
7943
4875
812
4253
8600
1824
7226
1841
5031
6311
2522
8396
7025
2757
7013
2829
6342
6694
3080
9736
800
33
5865
5257
2651
7311
2348
9043
8547
6645
1080
2615
6351
717
3473
6682
6561
6965
3276
5850
606
3610
6297
1539
1438
4721
2559
4036
3519
3658
2980
1165
4667
6627
3929
5902
9848
4787
8281
6637
1811
2630
472
7895
1124
9043
8115
8936
5111
1953
1897
8436
1553
3431
6409
4059
5001
8557
6022
4030
5537
5727
2510
7565
3222
1953
3757
6527
65
7935
4803
8243
7978
8317
4290
5417
1428
8490
530
9675
1537
756
5011
9516
9812
8201
6824
4692
4769
9286
3877
8423
6320
4100
4288
9410
7327
6635
4577
7849
3954
6846
4239
9327
81
106
9569
9257
3858
7559
8539
5802
5434
3458
5406
3811
6708
544
9944
7507
2616
4741
9594
457
1705
1387
5225
77
4776
6255
2971
5190
2528
927
5716
3255
8518
232
6603
5607
1254
1155
2624
7483
3453
632
7001
6117
2176
9696
3428
1930
5622
8282
3367
7621
1244
8939
9359
5226
4641
9730
1703
2746
2591
4996
8723
1703
3305
7459
1397
4989
5536
8637
5317
1668
9590
1733
7302
672
2492
4218
5218
7422
5192
4093
6241
5767
9738
8441
4641
8611
1437
5006
5588
888
5103
2498
6054
9514
9608
3945
6563
2599
2795
881
7897
6662
2023
1355
736
3205
6169
8209
4561
9785
7985
2181
1852
2039
2035
2565
7320
7633
1718
301
1359
7566
5884
4168
2522
6588
862
6804
2889
6869
4123
1255
3707
3792
4475
6242
2682
8656
5755
8362
4684
1762
8938
2413
5232
9456
3120
1933
2477
6698
2095
2183
956
7623
5181
9477
8723
6172
6239
7453
4704
6951
3164
9387
7921
23
3339
8166
2754
9758
7055
2831
7238
696
6124
4334
8
915
2245
8241
4678
2692
3168
4236
1441
7326
5398
8115
2612
8291
7918
2779
6416
9540
2032
6612
9801
5512
880
4572
8764
1307
203
2352
3041
8827
2523
2263
1520
8773
8327
5059
9001
3105
3598
6471
9009
582
2344
3617
7441
3707
6363
3994
5365
7220
7270
6903
9932
5869
2591
1286
8559
7162
5661
2635
8847
4484
6525
9826
1618
7709
3907
1140
1175
6679
2014
9976
6880
6834
3994
2300
6623
9906
8386
5674
1694
2037
4676
7334
8404
2360
7328
4735
6566
1014
4374
1734
2624
7144
2110
8901
9626
9263
5777
9532
3288
772
2550
7201
1628
3128
5161
681
5284
8089
5282
5002
6484
8580
7258
7149
8253
3197
5449
6845
7131
3765
6624
9747
9980
1782
6075
4696
1030
3030
1576
1535
8600
3004
7024
8418
6212
8162
7324
6807
7431
4075
9195
1519
2838
7597
8960
1114
7659
4844
1180
5253
6057
3711
2384
5347
1095
5694
8216
8948
4343
9574
85
2050
848
8260
3146
8307
3949
6572
3845
254
3762
5983
8066
483
1749
6876
6664
7033
4952
5881
5112
2837
3515
257
889
8340
5084
959
285
8370
8362
829
3525
4310
1379
7845
7002
8742
290
8051
1752
7333
6701
8403
2161
5682
2688
4216
9638
3990
2879
361
8205
1941
7737
815
856
2169
3811
9900
5131
4997
2626
5428
8499
4303
4398
2352
4257
9602
2459
4718
7287
2726
6871
5622
3645
7106
1315
8544
2385
1452
4074
8238
5435
6287
556
2888
8573
8260
7540
6728
7856
6207
5981
5383
5992
4172
217
4992
4709
8385
9738
5059
6288
10
5755
6227
705
275
4473
3443
9604
3955
391
8574
9926
4700
5294
7119
6162
8142
2711
7684
1661
8439
3335
1168
3092
6562
4830
9183
2718
4291
9699
7627
1686
6543
2220
581
2635
9056
8631
2592
8771
8306
3365
2938
8894
5491
9072
1248
2963
3643
5845
7259
2994
9121
5666
1939
929
3025
7080
8200
369
9672
2403
2224
2848
7957
8802
3897
9707
9872
2208
3628
2960
9256
6898
5237
798
4789
8632
8779
1365
1458
1760
6086
2728
4956
674
5991
5686
5957
6489
3599
5778
8887
5201
6824
7826
6512
543
3252
5758
6054
9488
1478
9147
6157
190
2682
6691
9865
4196
2720
5617
7441
6950
9014
6990
2779
8559
1058
487
644
5858
5352
9762
602
1169
9231
9527
9909
1018
9894
9898
3236
5416
1139
1517
3671
8985
4996
8420
4405
2186
2498
1818
4614
8467
1567
3083
5029
3121
5061
76
6279
21
7237
949
7676
4661
5003
8755
6285
1048
5438
4684
9315
123
7704
376
8888
9146
437
6033
5129
4751
4597
5202
5523
8458
5666
4865
7599
7566
6159
4267
3656
6058
4994
6512
8501
4802
1682
1742
3221
2264
7877
94
6793
3097
5620
9548
1055
3779
3136
1279
8344
4327
5924
9474
5343
1510
4793
1797
1202
2737
1422
6783
2965
8458
4519
6248
4529
7014
2249
5828
9124
3307
3866
6718
1613
1728
1904
8320
482
4195
5022
524
2798
8290
79
8163
2600
854
5517
6852
5559
2005
9698
1381
519
971
1555
5938
5256
5443
1352
3203
5490
9636
2068
8352
8104
5853
2246
1089
4606
2945
8201
6837
9188
8270
3598
3456
9815
4490
9129
4068
5719
8458
8722
9518
1876
1158
4635
8234
7710
2867
4260
8799
79
6914
4930
3771
2318
4874
8833
3866
3673
563
6147
6552
9980
3498
53
6872
6291
8784
7304
7725
2855
5606
7994
2285
5843
3559
4840
6601
9159
1663
5885
1215
4877
3135
9754
8810
1044
3204
9099
3179
6166
6603
6345
206
8518
6
1131
4485
3559
2379
5028
3463
8633
1054
8806
4043
4555
2404
4992
5543
4295
9183
6792
825
9995
7256
1073
8775
5691
8238
259
949
7317
9923
4501
3492
8896
1505
3970
2259
9522
4448
3090
8386
4706
9594
4216
9455
3748
2411
7520
5136
1639
4983
7573
7661
1262
7384
8107
5473
8319
3580
9839
6608
4307
6608
9834
9787
102
7307
9837
9460
7833
1130
2134
865
768
1577
768
3903
8204
306
4025
9309
87
2389
9286
3814
5862
1932
4409
3245
6820
7585
460
1986
7929
2616
1242
5983
141
8316
8217
5513
3329
1661
9056
6115
6902
8506
1671
3264
9173
9570
4412
9629
8458
2176
3726
2318
1294
1877
7253
4832
7098
631
8451
9254
5093
180
3051
9716
7485
7665
7965
8223
4253
6698
8808
6347
691
5171
4656
7993
9014
4576
408
1947
9536
5994
9942
5339
4645
5017
8127
6595
2183
1374
2392
4199
5571
6677
4651
7799
2894
7385
8190
9496
165
390
1725
9380
4966
5167
6662
7264
8945
8955
6951
8703
2807
8611
2337
2331
8510
8415
3452
5308
5642
8175
3309
3123
3061
5977
3099
9661
5881
6380
1158
8452
5885
7736
5546
79
8330
1667
7196
9390
1047
3918
2281
972
2735
277
1535
4659
5488
7777
53
1852
1881
7812
5018
6109
6262
6947
9609
2845
9246
4391
8072
4548
9140
1041
961
5539
3307
9275
938
5800
2729
1393
3681
2621
1787
9033
7552
4319
9124
9288
2205
6375
6791
4967
321
5324
8811
7643
4480
359
6292
4157
4733
4641
7811
9
1500
4151
2634
7096
4390
7765
3695
3471
1880
7340
4952
9263
8872
7939
8142
4898
2885
9564
703
8915
3036
7639
282
1818
8769
9925
2307
7002
9103
5030
9103
602
7533
1753
9129
737
4506
5134
331
6686
6855
6282
9588
1956
1031
9305
668
1072
8396
7796
9137
5301
2411
6296
7111
5892
9298
7915
3279
6170
7718
6912
9020
3749
5993
7539
9075
469
9980
2659
9178
195
9276
7052
9771
4856
5246
9828
765
750
8677
5401
7016
4551
1061
5401
9158
7662
3110
6223
4989
7662
1133
3623
4723
2100
7974
8832
2929
6061
3482
575
8088
9539
8904
8129
350
6809
3114
6936
2781
6936
8664
6268
5269
4029
3954
8142
2910
741
4390
3343
4989
1384
4396
1101
6175
591
7698
4258
3142
5128
7923
1608
7503
980
5028
2785
3493
4553
2544
7806
2590
9895
5619
4793
8808
5135
3299
8718
1770
8416
1061
814
1143
7939
4592
4424
8185
2259
7785
9638
5490
7396
1500
7775
4199
7860
7838
780
3906
2402
4560
3702
4888
8186
2998
613
1990
5783
9066
3868
8443
8844
4928
8705
8904
8110
3429
6664
2655
2921
734
3230
7233
4085
4617
5121
4667
5707
2100
5306
7801
4803
391
7188
9950
9437
185
1806
2075
9238
7536
9604
1080
8122
6054
5858
263
9533
7154
7567
7958
7784
2963
5971
631
230
6038
4627
7700
1870
4179
9598
712
1949
8047
24
4196
4724
5815
5548
3204
3313
4063
2471
924
3842
6448
7210
6488
3366
8460
8877
8224
3131
6031
3446
8726
8533
7592
2897
2860
5895
1967
4843
887
6015
5781
3565
3838
2673
8569
8609
2590
2170
5712
2337
9435
3380
7001
4988
5994
7994
3968
1756
6354
3033
2533
1782
7143
9445
3546
7910
9560
810
3546
5622
7952
2320
5216
1802
8833
4086
1563
5636
5472
3308
6088
8058
4783
922
5617
458
2245
3039
8494
1165
588
9283
8539
6821
882
8226
372
3343
587
8720
4001
9491
6113
5361
6379
4145
8700
4357
4441
7859
1275
4538
4970
8336
7285
9338
6483
8538
6002
5732
9765
3807
4570
8238
5177
5126
9800
8808
7983
9805
1106
4892
4618
9799
9562
7018
2628
9290
8158
9358
6345
8160
6557
5180
6974
8644
7959
7736
9056
1661
9277
8085
1681
7274
8064
4090
1029
2330
1266
6466
1097
9141
7831
8533
7831
7373
7999
3795
5291
3375
7901
5103
2604
3202
2723
7245
2124
4409
5901
3578
3526
4288
31
4577
9879
4179
3000
6101
8053
1555
7233
7806
464
8969
8215
7252
7014
9043
7993
2281
4051
8613
7208
7148
4418
5503
3972
8260
270
3180
4504
3224
8051
1145
6298
5516
8169
1473
3572
1720
8169
5831
4656
3872
7903
6611
6766
7510
3956
7559
8776
5149
8908
6250
7491
9628
3546
2624
2664
5787
8223
9554
3713
7934
8014
275
1696
1831
3423
6874
5501
916
6771
1358
2522
1358
9047
3371
9196
4576
9380
9378
8284
1797
9117
4108
7454
1244
4409
2303
2488
6129
3342
3074
2221
8581
1098
8914
8348
1993
7751
8864
9183
4162
4600
9693
9098
7161
3574
6511
1398
3034
8191
7237
1350
3285
6995
737
3503
2265
1480
9502
1950
9080
9453
803
5810
1107
5259
1556
5578
401
8704
5845
205
8238
7005
3744
9364
6060
6558
1624
302
8988
5165
8000
4503
9044
1342
8649
9830
9013
209
5189
1807
9508
4044
8197
2461
1902
7398
5523
4044
4055
7398
746
3344
6553
6026
9195
1502
9801
8158
2254
2761
1759
5945
5762
3223
572
1855
9981
2552
5399
351
2045
590
2304
3583
2628
2726
1880
9167
6980
5881
5181
7262
1924
9416
7830
6586
2162
9795
9976
9368
3770
4927
6608
7786
9139
7464
9891
9600
1561
3688
297
1505
2036
2239
3895
6467
2798
8070
9275
8982
2798
8982
5835
5074
9635
6501
7644
4585
819
5905
3140
190
3305
6158
9106
2173
2499
3178
9188
629
2717
992
3001
1330
9564
7183
3022
7659
8427
5291
5709
5716
9686
5077
396
9897
899
9411
1983
5374
1596
5915
7444
1549
82
3245
8641
8546
1937
1060
3674
7839
5251
3375
6963
9120
7894
2103
4465
9678
1866
5745
7166
7888
4661
7617
7704
7307
5835
7494
9538
61
2450
374
1574
7119
3811
8426
1320
6390
6096
1189
2126
492
7180
7012
9468
7395
9142
6441
1734
1799
7261
4456
6134
9849
1338
3329
2276
3552
1432
6157
7074
1535
1275
2114
9285
116
3974
8038
9906
90
5955
8994
3410
2758
1102
652
7125
5106
5046
2998
1084
2440
6909
5108
3819
7835
5738
1797
7316
9272
4711
6931
8899
3963
6588
468
7673
7567
2132
3566
7029
2014
510
1058
3733
2473
3729
7834
5430
2965
364
7972
2856
3556
5914
3158
6465
5183
8616
3808
1674
625
8882
6524
6767
7909
9422
1800
7965
8953
2599
2237
613
3285
9670
5853
1701
187
9116
2974
9305
4955
7901
1058
3907
1753
340
5306
545
6682
3135
8017
1133
1967
3742
4565
1777
835
7745
2041
5744
3535
7424
1833
361
6501
4231
2856
5675
1313
7131
5077
9079
1044
4379
9274
4448
2261
3981
8431
1351
1139
2992
4295
2885
4036
2883
9475
4991
2627
4333
2578
2239
4730
4351
2475
7173
8913
6219
5036
558
8701
1698
3336
3279
8650
369
4005
1024
6325
8080
6943
4307
159
1932
5940
3700
5793
4524
1071
1791
3022
6842
9782
6588
5987
8104
6000
2032
5884
3645
8709
4356
7359
2550
9925
9403
16
6903
787
4587
7798
2439
9076
1896
2166
1555
1315
9539
3315
208
5634
4134
8067
6113
8862
444
2118
1158
2410
8320
1305
736
865
1916
6902
7906
5596
9914
4148
9860
5660
7605
3288
7162
3647
2152
4188
8219
6927
18
4984
4521
8423
516
9506
365
5813
2523
3683
9812
3936
6384
3385
4952
6364
7252
4727
9073
2747
867
3131
6162
9161
2156
1824
1919
8959
9074
2187
5218
935
4609
3963
8368
5077
3422
3922
9847
174
7758
3554
7910
9406
1442
8274
6424
4116
5527
9896
4169
9307
1984
2107
191
4592
8002
3924
9741
2684
3801
97
3572
2634
8555
6130
3611
9694
1487
3956
8857
7837
8522
5075
1833
8419
523
1686
98
1168
4969
8340
4674
3867
9842
3758
501
4370
2176
1565
6101
5937
5169
6681
5738
3503
7691
3836
4996
4048
8180