Rule = 113	Alpha = 0.393655	Seed_Key = 18446744073304539136		Mixer_Key = 599		Start_value = 917

Showing target values (index) and list of number of iterations after which start_value ( 917 ) becomes target value
(Starting from 1st iteration, then 2nd and so on)

  0  -  [ 1156, 6691, 8813, 9326, 9910, ]
  1  -  [ 685, 2634, 2834, 3327, 3338, 3790, 4031, 6590, 7021, 8965, ]
  2  -  [ 1909, 2345, 3805, 6881, 7763, 9795, ]
  3  -  [ 719, 2529, 4461, 6006, 9658, ]
  4  -  [ 2590, 2693, 3323, 3324, 6251, 6295, ]
  5  -  [ 212, 234, 960, 1106, 1370, 1706, 2977, 6852, 8394, 8784, 9412, 9892, ]
  6  -  [ 524, 1226, 4554, 6584, 8276, 9329, 9341, 9606, ]
  7  -  [ 314, 1630, 2451, 2974, 4599, 4600, 5003, 5468, 8132, ]
  8  -  [ 3655, 6102, ]
  9  -  [ 2533, 2559, 3052, 5394, 7595, 7643, 8958, 9303, ]
 10  -  [ 4726, 9613, ]
 11  -  [ 718, 1332, 2060, 2285, 4784, 5770, 7267, 9068, 9166, ]
 12  -  [ 2354, 2397, 3237, 4005, 4254, 4427, 4727, 6428, 8428, 9214, ]
 13  -  [ 233, 1377, 4728, 6132, 6305, 6410, 9066, 9260, 9279, 9531, 9991, ]
 14  -  [ 195, 2455, 2934, 3307, 9200, 9587, ]
 15  -  [ 5252, 5547, 5738, 6139, 7670, 9067, ]
 16  -  [ 1330, 2933, 9266, ]
 17  -  [ 1874, 2486, 3322, 3673, 4349, 6084, 9458, ]
 18  -  [ 266, 1154, 2401, 3026, 6955, 8280, ]
 19  -  [ 25, 245, 870, 1349, 1999, 3748, 4702, 6806, 7362, 8775, 8902, 9846, ]
 20  -  [ 1369, 1611, 3194, 3315, 3828, 4440, 6091, 6138, 6865, 7813, 8169, 8333, 9459, ]
 21  -  [ 1413, 2616, 6767, 8931, 9826, ]
 22  -  [ 1072, 1963, 2450, 3195, 3260, 4558, ]
 23  -  [ 771, 1412, 5296, 6434, 6570, 7237, 7549, 8614, ]
 24  -  [ 297, 1694, 4019, 4622, 6099, 6957, 9450, ]
 25  -  [ 740, 3909, 6409, 7749, 7790, 7791, 8724, 9302, 9527, 9983, 9990, ]
 26  -  [ 250, 2546, 3361, 4626, 6002, 6100, ]
 27  -  [ 871, 3219, 5737, 6163, 6491, 8187, 8535, ]
 28  -  [ 232, 1612, 1991, 2320, 6211, 8170, 8676, 8873, 9411, 9808, ]
 29  -  [ 5906, 6864, ]
 30  -  [ 1613, 1823, 8696, ]
 31  -  [ 1004, 2148, 3196, 3577, 4867, 5102, 5297, 6129, 8744, 9100, 9101, ]
 32  -  [ 142, 1236, 2777, 3013, 4309, 4621, 7738, 9601, ]
 33  -  [ 3054, 3137, 6595, 9703, ]
 34  -  [ 581, 723, 906, 5774, 6490, 7832, 9594, ]
 35  -  [ 68, 167, 907, 2270, 3297, 4707, 6204, 6278, 8147, 8856, 9171, 9277, 9589, ]
 36  -  [ 429, 959, 6664, 7656, 9874, ]
 37  -  [ 221, 2224, 5689, 5729, 5843, 6294, 6935, 7289, 7499, 7500, 7657, 7831, ]
 38  -  [ 222, 1015, 1696, 2492, 3303, 4669, 5722, 7870, 9342, 9605, 9794, ]
 39  -  [ 1752, 3251, 3431, 3694, 4785, 5074, 5532, 5797, 6529, 6648, 7871, 8328, 8423, 9007, ]
 40  -  [ 2678, 2683, 2725, 2726, 3429, 4004, 4249, 5701, 7151, 7698, 7737, 8971, ]
 41  -  [ 1512, 3285, 3512, 3878, 5395, 5815, 6177, 9295, 9621, ]
 42  -  [ 3654, 4625, 7695, 8219, 8441, 9165, 9203, ]
 43  -  [ 1011, 2781, 3107, 3437, 4150, 4962, 8551, 8552, 9278, ]
 44  -  [ 328, 1205, 2412, 3063, 3250, 3394, 6977, 7699, 9373, ]
 45  -  [ 329, 370, 3130, 7008, 7669, 8053, 9970, ]
 46  -  [ 48, 158, 3131, 4097, 6044, 6071, 7771, 8975, 9403, ]
 47  -  [ 108, 118, 270, 868, 2200, 3430, 4359, 5995, 6176, 8346, 8393, 9374, ]
 48  -  [ 1470, 2631, 4132, 7088, 7361, 8444, 8481, ]
 49  -  [ 93, 1035, 1230, 1702, 1994, 2232, 2630, 2917, 3104, 3452, 4545, 5380, 5776, 6524, 6761, 6983, 7164, 7440, 7619, 8443, 8658, 9651, 9696, ]
 50  -  [ 348, 1256, 1701, 2485, 2858, 4979, 8239, 8541, 8771, ]
 51  -  [ 799, 1167, 1192, 1746, 2572, 2898, 3278, 3575, 3973, 4446, 5199, 6134, 8096, 8442, 8772, 8773, 9301, 9988, ]
 52  -  [ 1037, 3320, 3848, 4589, 4946, 6421, 7309, 7437, 7936, ]
 53  -  [ 2449, 2905, 2918, 3432, 3792, 3871, 4236, 4795, 5953, 6047, 6732, 7616, 8012, 8612, 8730, ]
 54  -  [ 265, 3191, 3304, 5304, 5390, 5760, 6150, 7429, 9831, ]
 55  -  [ 1791, 2493, 2571, 3084, 3164, 4701, 5585, 7510, 7548, 8505, 9381, 9745, ]
 56  -  [ 42, 133, 3062, 3514, 4552, 7496, 7742, 8907, 9252, ]
 57  -  [ 134, 162, 163, 434, 908, 1659, 1747, 2024, 4025, 5381, 6089, 8763, 8765, 8766, 8767, 8924, ]
 58  -  [ 2747, 5904, 7773, 7788, 9162, 9710, 9711, ]
 59  -  [ 168, 612, 2218, 2573, 2574, 3218, 3436, 3576, 3735, 5354, 8534, 9989, ]
 60  -  [ 887, 1157, 1621, 2419, 3964, 5692, 8251, 8950, ]
 61  -  [ 1183, 2596, 3703, 5022, 5031, 6125, 6744, 8250, 8465, ]
 62  -  [ 347, 888, 910, 1671, 2284, 3971, 6546, 7366, 7589, 8220, 8613, 9557, 9803, ]
 63  -  [ 657, 1498, 3736, 4237, 8285, ]
 64  -  [ 473, 3809, 6620, 6694, 8463, 9125, 9835, ]
 65  -  [ 5530, 7558, 8291, 8462, 9471, 9708, 9982, ]
 66  -  [ 2739, 3216, 3466, 3803, 4198, 4503, 4951, 7279, 9655, ]
 67  -  [ 968, 1228, 2460, 3038, 3666, 5398, 6902, 8834, 8901, 9081, 9106, 9107, ]
 68  -  [ 258, 1320, 3270, 6136, 6824, 7622, 7645, 9422, 9497, ]
 69  -  [ 1632, 3299, 4837, 6866, 6981, 7357, ]
 70  -  [ 1014, 1451, 1877, 2244, 2321, 3083, 4258, 6683, 9772, 9830, ]
 71  -  [ 744, 2230, 2973, 3152, 4542, 5344, 5781, 7177, ]
 72  -  [ 1507, 4444, 6976, 7557, ]
 73  -  [ 1522, 3002, 3050, 3667, 4770, 4893, 5421, 5826, 5827, 6690, 6693, 7644, 7750, 8912, 9620, ]
 74  -  [ 779, 3605, 3606, 4528, 5700, 6879, 7642, 7886, 9267, 9442, ]
 75  -  [ 969, 2456, 2789, 3080, 4014, 4041, 4169, 6668, 6851, 8705, 9060, 9080, ]
 76  -  [ 274, 837, 1319, 3550, 5457, 5659, 8859, 9327, 9665, ]
 77  -  [ 211, 2295, 4811, 5342, 5343, 5555, 7176, 9137, 9565, ]
 78  -  [ 388, 743, 2527, 2954, 5958, 8974, 9159, 9604, 9691, 9986, ]
 79  -  [ 112, 268, 389, 1726, 3096, 3794, 4387, 4812, 5010, 5780, 7735, 8422, 9191, 9292, 9391, ]
 80  -  [ 3335, 5677, 5762, 7984, ]
 81  -  [ 317, 1542, 2818, 3336, 4435, 4491, 4952, 6274, 9025, 9387, 9635, 9695, ]
 82  -  [ 880, 1087, 1088, 3953, 6805, 7931, 9051, 9052, 9330, ]
 83  -  [ 1227, 2461, 3866, 4602, 5345, 7253, 8964, 9843, ]
 84  -  [ 1368, 2145, 3337, 4217, 7007, 8550, 9419, 9809, ]
 85  -  [ 1309, 3746, 5907, 6552, 7508, 7710, 7895, ]
 86  -  [ 1001, 2334, 4176, 4804, 5890, 8944, 9850, ]
 87  -  [ 1614, 4460, 5841, 5908, 7168, 7734, 8672, 8678, ]
 88  -  [ 2317, 3876, 4841, 6327, 7747, ]
 89  -  [ 1511, 2677, 2819, 3226, 3908, 6088, 6098, 6124, 6171, 7681, 7748, 8464, 9526, ]
 90  -  [ 2404, 3341, 3707, 4690, 6593, 7803, 8632, ]
 91  -  [ 739, 1117, 1265, 2217, 4149, 4201, 4481, 4577, 4816, 4866, 5070, 6711, 7395, 7661, 9408, ]
 92  -  [ 47, 654, 702, 1104, 4117, 4885, 6986, 8168, 8427, 8930, ]
 93  -  [ 783, 2361, 3228, 5002, 5298, 6724, 8999, ]
 94  -  [ 626, 920, 1153, 1895, 2754, 3397, 5967, 6229, 7188, 8158, ]
 95  -  [ 412, 2942, 3720, 5101, 6474, 6993, 8059, 8677, ]
 96  -  [ 850, 3946, 4341, 8949, 8970, 9423, 9437, ]
 97  -  [ 2618, 3635, 3947, 5786, 5842, 6673, 8611, 9096, 9109, ]
 98  -  [ 153, 1879, 2550, 3912, 4024, 4177, 4246, 4706, 6854, 6982, 7454, 9740, ]
 99  -  [ 1010, 1140, 2706, 2895, 3283, 3284, 4603, 4736, 4961, 5014, 5198, 5785, 9108, ]
100  -  [ 1982, 2194, 2703, 2813, 3313, 4635, 5402, 6672, 7435, 7756, ]
101  -  [ 958, 2704, 3385, 3945, 4953, 7436, 7896, 7918, 8804, 9763, ]
102  -  [ 1745, 1983, 2099, 2491, 2586, 2841, 3296, 3300, 3301, 4023, 4029, 4857, 5013, 6064, 6853, 7241, 9184, 9185, 9380, ]
103  -  [ 928, 1260, 4397, 5162, 6647, 7404, 8755, 9036, 9523, 9765, ]
104  -  [ 999, 1819, 3732, 4697, 6238, 6377, 8814, ]
105  -  [ 128, 2707, 3668, 4042, 4247, 4692, 5091, 5882, 6543, 7736, 8409, 8602, 8706, 9095, ]
106  -  [ 1715, 2549, 2579, 2875, 2955, 4530, 4532, 4654, 4934, 4939, 6043, 7144, 8640, 9372, 9987, ]
107  -  [ 269, 1634, 2767, 3734, 3989, 4213, 6298, 6371, 6594, 6696, 9293, ]
108  -  [ 886, 1589, 2585, 3651, 4022, 4211, 7307, 7668, 8063, 8110, 8707, 8750, 9836, 9861, ]
109  -  [ 474, 1435, 2127, 2446, 4753, 5531, 5883, 9869, ]
110  -  [ 11, 787, 1043, 1052, 3503, 4922, 6269, 6695, 7888, 8127, 8644, 9169, 9402, ]
111  -  [ 656, 2081, 2129, 3005, 3556, 4212, 5104, 7402, 8284, 8793, 9294, 9566, ]
112  -  [ 318, 378, 2525, 4199, 5292, 5676, 6119, 6397, 7757, 9807, ]
113  -  [ 614, 1229, 1520, 1541, 3592, 3826, 4072, 4322, 4323, 4820, 6146, 6863, 7408, 8691, 9784, ]
114  -  [ 1203, 2403, 2511, 4339, 4433, 5250, 5887, 5969, 6097, 7716, 8906, 9466, ]
115  -  [ 2768, 2896, 3034, 3113, 3114, 4434, 4737, 7002, 7299, 8826, 8835, 9525, 9844, 9845, ]
116  -  [ 103, 820, 1893, 1906, 3451, 4436, 4551, 8905, 9141, ]
117  -  [ 1894, 2281, 2453, 3747, 6512, 6674, 6779, 7213, 9388, 9576, ]
118  -  [ 541, 1129, 3031, 3583, 4582, 5389, 6065, 6227, 6228, 6540, 7801, 8159, 8364, 8526, ]
119  -  [ 61, 411, 770, 962, 1484, 2452, 3825, 4490, 6541, 6569, 9524, 9551, 9575, 9683, 9930, ]
120  -  [ 231, 480, 1827, 3660, 4938, 6216, 8989, ]
121  -  [ 543, 1851, 2584, 3495, 3882, 5132, 5837, 6169, 7495, 8410, 8910, 9082, 9142, ]
122  -  [ 1065, 1826, 2682, 7281, 8067, 8546, 9331, ]
123  -  [ 542, 2717, 2769, 2770, 2941, 3217, 6408, 6542, 7384, 9320, 9389, 9390, ]
124  -  [ 74, 8858, 9056, ]
125  -  [ 73, 1352, 2107, 3384, 3944, 4093, 5092, 5367, 6172, ]
126  -  [ 56, 396, 1202, 1828, 2208, 4218, 4343, 6742, 6914, 8345, 9821, ]
127  -  [ 57, 313, 690, 2128, 2716, 2824, 4112, 5295, 6743, 6862, 7109, 8879, 9457, ]
128  -  [ 2402, 4810, 8783, ]
129  -  [ 1376, 2096, 2538, 3326, 6591, 8290, ]
130  -  [ 684, 2776, 8199, 9269, 9858, ]
131  -  [ 804, 1191, 1797, 2938, 4847, 6589, 7059, 8403, 9225, ]
132  -  [ 2673, 2836, 2971, 3524, 7684, 9825, ]
133  -  [ 165, 1873, 2976, 3911, 5231, 6766, ]
134  -  [ 166, 244, 578, 927, 1071, 1655, 2972, 5140, 5567, 6858, 7528, 9210, ]
135  -  [ 1503, 1954, 3617, 7010, 9563, ]
136  -  [ 1059, 2589, 4404, 4652, 6253, 6254, 6739, 8486, 9308, 9883, 9915, ]
137  -  [ 659, 3910, 7614, 8957, 9307, ]
138  -  [ 1020, 1443, 3785, 4931, 5033, 7191, 7519, 7884, 8401, 8933, 9586, 9698, ]
139  -  [ 591, 2059, 2624, 2633, 3160, 3616, 5784, 8402, ]
140  -  [ 252, 1903, 2097, 2642, 2643, 2864, 4021, 5713, 6472, 9530, 9562, ]
141  -  [ 30, 31, 894, 1354, 3055, 5339, 5688, 5850, 5893, 8275, 9829, ]
142  -  [ 6070, 6714, 6759, 7009, 7527, 8252, 9127, 9199, ]
143  -  [ 753, 1196, 1303, 4050, 5270, 5289, 6436, 8468, 8934, 8952, 9906, 9907, ]
144  -  [ 514, 4133, 6085, 7937, 9212, ]
145  -  [ 6025, 6252, 6369, 6785, 7077, 7130, 7819, 8289, 8506, ]
146  -  [ 879, 1805, 2095, 4348, 4860, 5529, 5568, 6024, 6180, 6444, 6658, 6954, 7152, 8400, 9024, 9211, 9537, 9887, ]
147  -  [ 214, 1348, 2197, 2581, 2675, 4126, 5046, 6083, 7120, 7202, 7835, 8461, 9493, 9539, ]
148  -  [ 372, 513, 1875, 1876, 3259, 4369, 5362, 6036, 6771, 9897, ]
149  -  [ 249, 803, 3695, 3789, 5505, ]
150  -  [ 194, 1411, 1711, 1804, 1908, 2822, 2985, 3696, 4134, 4806, 5100, 5528, 6657, 8090, 8382, ]
151  -  [ 1284, 2599, 4926, 6130, 6784, 7129, 7795, 8329, 8421, 9224, 9461, 9979, ]
152  -  [ 251, 975, 1724, 2076, 2641, 2951, 4403, 4769, 5800, 6393, 6471, 9882, 9914, ]
153  -  [ 1273, 1285, 2668, 3236, 3916, 4402, 5656, 5657, 6304, 6984, 7257, 7381, 7940, 8662, 8683, 9306, 9590, ]
154  -  [ 296, 2122, 2302, 2670, 3547, 3570, 4302, 5736, 6086, 6101, 7816, 7883, 9905, ]
155  -  [ 1324, 1489, 2042, 3407, 3621, 4135, 4672, 4750, 4751, 5355, 5835, 6087, 6303, 6710, 7232, 7613, ]
156  -  [ 624, 3798, 4020, 5566, 5625, 6035, 6783, 8684, 9736, ]
157  -  [ 248, 3415, 3835, 4370, 4426, 5929, 5930, 6131, 6357, 7224, 8507, 8743, 9591, ]
158  -  [ 436, 726, 976, 1450, 2147, 4147, 4148, 4557, 4830, 5485, 5793, 7135, 9163, ]
159  -  [ 1272, 1490, 1491, 1725, 5045, 5069, 5374, 5393, 6394, 8915, 9291, 9815, ]
160  -  [ 37, 559, 582, 1674, 2691, 4129, 6285, 7501, 7764, 8288, 8399, 8511, ]
161  -  [ 558, 1482, 1843, 1872, 2558, 7359, 8052, 9896, ]
162  -  [ 1720, 1946, 2256, 4227, 4614, 4657, 6760, 7590, 9857, ]
163  -  [ 1504, 2537, 4647, 7231, 7833, 8095, 8469, ]
164  -  [ 1215, 1406, 1525, 2645, 3960, 3980, 5690, 6218, 6367, 6368, ]
165  -  [ 957, 2692, 2970, 2975, 3057, 3126, 4238, 5004, 6189, 6562, 6883, 8729, 9891, ]
166  -  [ 409, 1379, 2838, 4432, 6190, 8381, 9340, 9876, ]
167  -  [ 126, 2030, 4495, 5612, 5937, 6646, 6836, 8653, ]
168  -  [ 2347, 3786, 6246, 9622, ]
169  -  [ 344, 673, 2240, 2448, 3311, 3513, 3761, 3783, 4912, 8782, 9251, ]
170  -  [ 547, 639, 2396, 2915, 4615, 7266, 7767, 9999, ]
171  -  [ 548, 640, 1189, 1190, 1921, 4066, 6387, 6407, 7128, 8553, ]
172  -  [ 408, 1844, 1948, 2516, 2611, 5314, 5387, 6645, 9532, ]
173  -  [ 1068, 3725, 4639, 6478, 7063, 7223, 7615, ]
174  -  [ 2290, 4098, 4144, 9064, 9280, ]
175  -  [ 72, 557, 1578, 1604, 1640, 3614, 3890, 4972, 6339, 6473, 7507, 7520, 8652, 8953, 9762, ]
176  -  [ 254, 4116, 5527, 5867, 8083, 9312, ]
177  -  [ 3450, 3543, 4215, 5915, 6178, 6363, 7618, 9634, 9879, ]
178  -  [ 160, 261, 816, 1546, 2916, 3321, 4658, 5761, 6736, 7313, 7540, 8084, 8367, 8682, 9877, ]
179  -  [ 457, 2674, 2939, 5535, 5551, 6162, 6859, 7034, 7617, 7665, 7834, 8774, 9731, ]
180  -  [ 3059, 3339, 6652, 7438, 8011, 8032, 8113, 8114, 8350, 8351, ]
181  -  [ 201, 1995, 2018, 6325, 7165, 8539, 8659, 8923, ]
182  -  [ 49, 589, 1656, 1760, 1761, 1854, 4125, 4859, 5305, 6403, 7726, ]
183  -  [ 316, 1025, 1026, 1697, 2782, 4700, 7090, 7956, 8035, 9290, 9973, ]
184  -  [ 161, 497, 942, 1097, 1323, 2049, 3784, 5905, 8764, ]
185  -  [ 458, 459, 1076, 1231, 1505, 3383, 4546, 5814, 6326, 7150, 7768, 8857, ]
186  -  [ 590, 638, 2048, 6625, 7772, 7882, 8130, ]
187  -  [ 433, 867, 1083, 1389, 1756, 3615, 4796, 5235, 5983, 5984, 6112, 6992, 7284, 7629, 7666, 8533, ]
188  -  [ 102, 909, 1314, 2715, 4075, ]
189  -  [ 1098, 1757, 2278, 2748, 3745, 3791, 3943, 5030, 7526, 8951, ]
190  -  [ 1268, 1758, 1882, 3060, 3406, 3972, 4143, 7774, ]
191  -  [ 84, 148, 613, 3788, 5561, 6726, 7065, 7663, 8392, 9746, ]
192  -  [ 2422, 3674, 4871, 6219, 6878, 7601, 9314, 9783, 9819, 9820, ]
193  -  [ 1494, 2112, 2524, 3935, 4595, 4884, ]
194  -  [ 680, 1943, 3634, 4245, 4653, 7251, 7252, 8019, 9175, 9176, ]
195  -  [ 18, 307, 952, 1116, 1540, 1798, 1922, 4764, 5665, 6297, 6768, 7121, 7471, 7891, ]
196  -  [ 515, 1594, 2507, 3807, 4913, 5674, 6429, 6567, 7470, ]
197  -  [ 34, 86, 592, 961, 1631, 1955, 2174, 3597, 7564, 9033, 9413, 9706, 9707, ]
198  -  [ 648, 3082, 3929, 4256, 5840, 6960, 8326, 8993, 9035, 9693, ]
199  -  [ 96, 3852, 3854, 4414, 4459, 4710, 5197, 5397, 5575, 6511, 7081, 7685, 7916, 7917, 8671, ]
200  -  [ 943, 1444, 1750, 5825, 7419, 7885, 8282, 9933, ]
201  -  [ 7, 660, 1434, 2293, 3135, 4081, 4609, 4991, 5824, 6103, 6104, 6290, 6606, 6607, 6958, 7987, ]
202  -  [ 1051, 2292, 3685, 4386, 5312, 6063, 6566, 7250, 7278, 7453, ]
203  -  [ 829, 872, 944, 945, 1163, 1164, 1923, 2105, 2459, 2700, 4127, 4752, 4836, 6689, 7472, 8704, 9078, 9888, 9889, 9981, ]
204  -  [ 836, 1978, 2294, 3075, 3811, 3812, 3846, 4076, 5658, 5756, 7769, 7949, 9894, ]
205  -  [ 1979, 2612, 3851, 4193, 5160, 5161, 5341, 6967, 7988, 8503, 9315, 9350, 9737, ]
206  -  [ 2291, 4028, 4623, 4949, 4950, 5516, 6019, 6108, 9614, 9654, ]
207  -  [ 306, 650, 4192, 4458, 4538, 5340, 6289, 6451, 7192, 9079, 9346, 9376, 9968, 9980, ]
208  -  [ 1433, 1682, 3073, 4032, 8020, 8228, 8229, 8569, ]
209  -  [ 1367, 1593, 3345, 3598, 4216, 4883, 6778, 6786, 8426, 9920, ]
210  -  [ 152, 3808, 4443, 5699, 6181, 8142, 8200, 8235, 9694, 9796, ]
211  -  [ 176, 338, 441, 1366, 2065, 2216, 2582, 2883, 4508, 5552, 7001, 7172, 7639, 7686, 8690, 9732, ]
212  -  [ 235, 1134, 4441, 6194, 6220, 6592, 7106, 8568, ]
213  -  [ 562, 1996, 6370, 7167, 7733, 8126, 9564, ]
214  -  [ 202, 312, 649, 1914, 2243, 3211, 3241, 3293, 3480, 4442, 5037, 5966, 6793, 8091, 8304, 8432, 9034, 9838, ]
215  -  [ 414, 1915, 3853, 6461, 6505, 7512, 7732, 8494, 9426, ]
216  -  [ 594, 738, 919, 1031, 2766, 3762, 5310, 6182, 6659, 7680, 8643, 8759, 9055, ]
217  -  [ 6, 373, 1506, 2378, 2409, 2723, 5554, 5582, 5583, 5614, 6723, 7147, 7864, 9045, ]
218  -  [ 1684, 2699, 3731, 4892, 5144, 6256, 7401, 7927, 8929, ]
219  -  [ 2676, 2823, 3220, 4536, 4865, 4910, 5279, 5836, 7847, 7906, 9150, 9944, 9946, ]
220  -  [ 625, 1463, 1602, 3596, 4092, 4573, 6679, 8248, 9058, ]
221  -  [ 1698, 2150, 4033, 4232, 5615, 5746, 6221, 6626, 7382, 7865, ]
222  -  [ 3121, 3401, 3611, 3836, 6062, 6895, 7915, 8057, 9059, 9149, 9719, 9842, ]
223  -  [ 85, 203, 2280, 3001, 3095, 3402, 4111, 5159, 5950, 5951, 6627, 6794, 6799, 7000, 8521, ]
224  -  [ 3146, 3981, 6105, 6284, 7998, 9644, ]
225  -  [ 327, 1870, 1871, 3956, 3959, 3982, 4128, 4235, 5902, 6167, 6769, 6934, 8510, 9272, 9934, 9969, ]
226  -  [ 866, 1721, 2681, 2852, 3010, 3844, 4291, 4855, 6237, 7312, 8236, 8762, 8888, 9240, ]
227  -  [ 67, 127, 665, 1552, 1799, 2583, 2762, 3133, 3639, 4065, 4663, 4735, 4998, 5938, 6051, 6109, 6161, 8408, 8433, 9270, 9271, 9669, ]
228  -  [ 36, 253, 604, 3957, 3983, 4716, 5757, 6671, 8761, 9208, 9247, 9289, ]
229  -  [ 35, 984, 1166, 1519, 2644, 2983, 3447, 3726, 3958, 4233, 4234, 4900, 6670, 7577, 8407, 8504, ]
230  -  [ 82, 516, 579, 580, 1751, 2098, 3349, 4431, 5886, 6332, 7955, 8327, 9465, ]
231  -  [ 315, 758, 1165, 1678, 2797, 3170, 4105, 4106, 4107, 5640, 5728, 5833, 5901, 5952, 6362, 7193, 7288, 7445, 9895, ]
232  -  [ 1322, 3993, 4856, 7434, 7765, 8651, ]
233  -  [ 230, 308, 374, 560, 651, 2701, 2884, 3136, 3184, 4292, 5081, 5082, 6168, 9140, 9800, ]
234  -  [ 2373, 3208, 9177, 9339, 9522, ]
235  -  [ 946, 1755, 3494, 3613, 4358, 4509, 8051, 8073, 8471, ]
236  -  [ 757, 1980, 2379, 2928, 3056, 5313, 5584, 5851, 7023, 7064, 7498, 7650, 8344, 8760, 9744, ]
237  -  [ 812, 1299, 1483, 1603, 2193, 2374, 4077, 5721, 6968, 7866, 7989, 8853, 9046, 9351, 9890, ]
238  -  [ 914, 2238, 2372, 5034, 5035, 7651, 8154, 8155, ]
239  -  [ 2106, 2223, 5747, 7127, 7420, ]
240  -  [ 185, 1610, 1997, 2890, 3449, 3582, 3599, 4803, 6770, 7679, 9545, ]
241  -  [ 282, 283, 339, 561, 1800, 2853, 4496, 6651, 7166, 7407, 8425, 8922, 9878, ]
242  -  [ 2187, 2247, 4329, 5142, 5143, 6523, 6886, 7926, 7983, ]
243  -  [ 666, 1657, 2117, 2480, 2940, 5170, 5553, 5613, 5834, 6110, 6111, 6273, 6709, 6777, 7628, 7664, ]
244  -  [ 1329, 1848, 2984, 3340, 3448, 3727, 5433, 9352, ]
245  -  [ 186, 593, 3824, 3855, 4352, 7027, ]
246  -  [ 410, 605, 1652, 3190, 4124, 4907, 5036, 5388, 7028, 8589, ]
247  -  [ 1112, 1998, 2279, 2882, 8742, 9427, ]
248  -  [ 2994, 7939, 9499, ]
249  -  [ 255, 369, 641, 736, 737, 1658, 2532, 2724, 3134, 3346, 3347, 5655, 8472, 9561, ]
250  -  [ 717, 2188, 2262, 3612, 4741, 6215, 7766, 8590, 9455, ]
251  -  [ 554, 632, 720, 2239, 3782, 4013, 4537, 4911, 5892, 6860, 7908, 8470, 9945, ]
252  -  [ 856, 2370, 2380, 3312, 3348, 5145, 5373, 6629, 8249, ]
253  -  [ 210, 309, 563, 6628, 6795, 6861, 7630, 7667, ]
254  -  [ 1254, 2057, 2154, 4541, 4891, 4906, 6894, 6999, 7350, 8157, 8186, 8540, 9786, 9841, ]
255  -  [ 60, 1430, 1576, 1577, 4080, 7383, 7907, 8131, ]
256  -  [ 292, 1910, 3036, 3051, 3881, 8212, 9492, ]
257  -  [ 4388, 6530, 6980, 7781, 8286, 9305, ]
258  -  [ 2556, 3143, 6818, 7432, 9187, 9268, 9441, 9491, ]
259  -  [ 1842, 2457, 3438, 3710, 6145, 9283, 9730, ]
260  -  [ 2015, 2016, 2296, 4337, 6870, ]
261  -  [ 1405, 3328, 3329, 4544, 5245, 7828, 8371, 8665, 9138, 9261, ]
262  -  [ 1008, 2892, 3132, 3633, 4344, 4345, 4762, 6549, 7431, 7814, 7824, 8431, 9490, 9639, 9864, ]
263  -  [ 1629, 1796, 3795, 4763, 5796, 6092, 6515, 6649, ]
264  -  [ 937, 1235, 2258, 4714, 4783, 5218, 6508, 6692, 9612, 9810, ]
265  -  [ 356, 932, 1523, 2000, 2267, 2311, 2523, 2617, 5222, 6532, 7827, ]
266  -  [ 1818, 5879, 6201, 7971, 8720, 9371, 9588, 9664, ]
267  -  [ 705, 3298, 3421, 3489, 4835, 4868, 5060, 8072, 8300, ]
268  -  [ 428, 1639, 1911, 4026, 5610, 6336, 6686, 9328, 9793, ]
269  -  [ 400, 838, 1353, 1378, 3081, 3649, 8721, 9061, ]
270  -  [ 704, 2578, 2780, 3709, 4668, 4929, 6158, 6159, 6583, 6775, 7138, ]
271  -  [ 861, 2936, 3229, 4168, 6687, 8732, 9287, 9433, ]
272  -  [ 725, 1038, 2964, 3344, 8420, 9188, 9417, ]
273  -  [ 883, 4389, 6135, 6147, 7215, 8013, 8209, 9418, 9834, ]
274  -  [ 1810, 2545, 4407, 5054, 6005, 7825, 8365, ]
275  -  [ 13, 14, 882, 1039, 1331, 2382, 2462, 3027, 5477, 6123, 7171, 9284, ]
276  -  [ 24, 6048, 6250, 8675, ]
277  -  [ 3579, 3880, 6601, 8054, 8293, 9322, 9629, ]
278  -  [ 1447, 2251, 2759, 2893, 3025, 4478, 4667, 5600, 6128, 6872, 7815, ]
279  -  [ 62, 2102, 2760, 4206, 6516, 6550, 7080, 7170, ]
280  -  [ 44, 99, 2316, 2475, 3467, 4768, 5251, 5783, 6001, 7593, 7905, 8369, 8911, 8982, 9126, 9469, 9903, ]
281  -  [ 45, 290, 2315, 2337, 2861, 4207, 4333, 4390, 4447, 4757, 5704, 5807, 6956, 7826, 8213, 8313, 8872, 8908, ]
282  -  [ 267, 2753, 4301, 4505, 4834, 6527, 7190, 8068, 9904, ]
283  -  [ 1475, 2722, 2740, 4660, 4990, 5201, 5221, 7443, 7594, 8594, 8828, 8997, 9375, 9409, ]
284  -  [ 435, 494, 1704, 2757, 2953, 3464, 3610, 6107, 7894, 8695, ]
285  -  [ 169, 784, 3227, 3578, 3609, 3662, 6435, 9057, 9410, ]
286  -  [ 2758, 3793, 4576, 4948, 5546, 6200, 6433, 7394, 8528, 9863, ]
287  -  [ 1357, 2252, 2805, 5094, 6614, 7707, 8055, 9444, ]
288  -  [ 3914, 4455, 4477, 4504, 7869, 8299, 8956, 9488, ]
289  -  [ 2093, 2567, 3393, 3608, 4730, 5702, 5911, 6205, 6279, 7358, 7739, 7780, 8292, 9424, 9472, ]
290  -  [ 892, 995, 1545, 3542, 4030, 4308, 4655, 4781, 6203, 6392, 8780, ]
291  -  [ 223, 511, 2012, 2061, 2231, 3199, 3488, 5469, 5723, 7163, 7327, 8781, 9776, ]
292  -  [ 1034, 1374, 1962, 2092, 2555, 4666, 4698, 4978, 6127, 7655, 7762, 9600, ]
293  -  [ 191, 2094, 2727, 2978, 5246, 7374, 7596, 7829, 7830, ]
294  -  [ 125, 798, 905, 4699, 5099, 5303, 7428, 8769, 9186, 9489, ]
295  -  [ 190, 789, 1794, 1795, 3504, 3693, 4566, 5549, 6079, 6260, 7658, 7722, 8855, 9790, ]
296  -  [ 956, 2640, 3053, 3106, 4620, 4771, 4874, 6882, ]
297  -  [ 2025, 2557, 4578, 4644, 4782, 5775, 6090, ]
298  -  [ 2346, 2395, 3044, 6880, 7145, 7823, 9006, 9443, 9611, 9721, ]
299  -  [ 421, 456, 2580, 3515, 5819, 6379, 8070, 8076, 8976, 9657, ]
300  -  [ 3238, 3258, 3879, 4074, 4141, 4311, 5816, 8111, ]
301  -  [ 2166, 2615, 3722, 3889, 4598, 5244, 7134, 8728, 9937, ]
302  -  [ 107, 1346, 4565, 5219, 6338, 7730, 8279, 8440, 8645, 9005, 9063, ]
303  -  [ 12, 788, 911, 2447, 2528, 7671, 8646, 8977, ]
304  -  [ 1469, 2778, 4588, 4947, 5276, 6443, 6470, 6665, 6731, 7236, ]
305  -  [ 512, 800, 2606, 3743, 6544, 8240, 8437, 9008, ]
306  -  [ 724, 3343, 5275, 5277, 5526, 5653, 5697, 5970, 6442, 7904, 8129, 8480, 8770, 8817, 9264, 9265, ]
307  -  [ 869, 2433, 2605, 2897, 5586, 7300, ]
308  -  [ 1907, 2283, 2432, 5866, 6137, 6871, 6965, 7898, 8010, 8208, 9995, ]
309  -  [ 2282, 2298, ]
310  -  [ 1736, 1790, 2196, 5327, 5328, 5391, 5759, 5817, 6624, 6943, 8034, 9640, 9646, ]
311  -  [ 1737, 1993, 2100, 2101, 2471, 3045, 7201, 7214, 7244, 8996, ]
312  -  [ 493, 1067, 2310, 3105, 4073, 4310, 6378, ]
313  -  [ 135, 343, 1193, 2505, 3915, 3977, 4738, 5029, 8629, 9009, ]
314  -  [ 1969, 2663, 3729, 3970, 4011, 5021, 5109, 5193, 5220, 5460, 7787, 7789, 8719, 9556, ]
315  -  [ 1182, 1388, 3435, 3629, 5200, 5353, 5818, 6010, 7662, 8097, 8098, 9098, 9099, ]
316  -  [ 322, 1881, 2779, 4638, 5337, 5853, 6217, 7654, 8349, 8768, 9862, ]
317  -  [ 3165, 3630, 3631, 4312, 4645, 5409, 5454, 6545, 6675, 8482, ]
318  -  [ 703, 752, 926, 2746, 4142, 4924, 5020, 5032, 6432, 7058, 8467, 8920, ]
319  -  [ 963, 3434, 5813, 6581, 9170, 9259, ]
320  -  [ 16, 1264, 3806, 4634, 5130, 5637, 8009, 9304, ]
321  -  [ 1350, 4289, 5154, 5217, 5811, 6148, 6933, 7268, ]
322  -  [ 454, 2504, 3894, 7087, 8414, ]
323  -  [ 709, 1834, 3079, 3711, 5182, ]
324  -  [ 1404, 3319, 4290, 4594, 6979, 8008, 8419, 9420, 9421, ]
325  -  [ 1705, 2001, 2775, 4543, ]
326  -  [ 1913, 2344, 2849, 9692, 9771, ]
327  -  [ 401, 1452, 2937, 4899, 5467, 6144, 6458, 7020, 7110, 9105, ]
328  -  [ 1695, 2411, 2833, 5422, 5878, 6366, 7697, 8281, 9103, ]
329  -  [ 89, 1508, 1966, 2609, 4281, 4282, 4513, 4715, 6929, 6975, 7559, 8959, 9250, 9470, ]
330  -  [ 2072, 6528, 6619, 8852, ]
331  -  [ 219, 398, 399, 502, 2458, 5090, 5181, 7933, 8455, 9435, ]
332  -  [ 298, 305, 1373, 2034, 2079, 2353, 2792, 4167, 4336, 7576, 8062, 8274, 9198, ]
333  -  [ 273, 767, 1912, 4096, 5072, 5687, 7133, 7296, ]
334  -  [ 742, 785, 3142, 3215, 4529, 4725, 4879, 6041, 7729, 8069, 8669, 9190, 9666, ]
335  -  [ 922, 1334, 3420, 3939, 4103, 5071, 5089, 5103, 5909, 6264, 6752, ]
336  -  [ 567, 891, 1403, 2125, 3817, 4679, 8610, 9498, ]
337  -  [ 777, 1811, 2989, 4470, 7356, ]
338  -  [ 397, 453, 881, 2752, 2894, 3093, 3273, 3754, 4300, 4328, 5425, 8373, 8681, 9124, ]
339  -  [ 1510, 8601, ]
340  -  [ 1992, 3365, 6268, 8631, ]
341  -  [ 5412, 9276, ]
342  -  [ 260, 1009, 3032, 3818, 4761, 4805, 9865, ]
343  -  [ 2566, 5464, 6571, ]
344  -  [ 1521, 1928, 3274, 4840, 5336, 5621, 7556, 7880, ]
345  -  [ 342, 931, 1690, 1989, 2023, 4592, 8547, ]
346  -  [ 3018, 3468, 5956, 6174, ]
347  -  [ 921, 1850, 2139, 3756, 4680, 5520, 6814, 7396, 9431, 9432, ]
348  -  [ 427, 2360, 2476, 3870, 6513, 8370, 9197, 9638, ]
349  -  [ 46, 100, 1105, 6519, 7534, 9298, ]
350  -  [ 1474, 3465, 4506, 6514, 7582, 8943, 9189, 9453, ]
351  -  [ 413, 3087, 6826, 6921, 7509, ]
352  -  [ 1042, 1351, 2394, 4307, 5720, 8265, 8749, 9026, 9599, ]
353  -  [ 2927, 3144, 5028, 5413, 6820, ]
354  -  [ 1321, 2795, 3899, 4997, 5459, 5579, 8816, 8824, 8948, 9161, ]
355  -  [ 326, 1188, 1633, 1769, 2842, 3900, 4263, 5648, 7074, ]
356  -  [ 603, 2470, 2888, 3380, 4729, 4780, 5458, 7761, 9764, ]
357  -  [ 293, 6697, 7751, 7782, 8080, ]
358  -  [ 540, 2484, 3302, 4320, 4489, 4858, 5302, 5423, 6160, 7297, 7298, 9160, 9682, 9773, 9774, 9851, 9852, ]
359  -  [ 929, 2705, 2969, 3097, 3368, 3940, 4008, 4061, 4791, 4954, 5105, 6372, 6669, 8267, ]
360  -  [ 1147, 1960, 1967, 2369, 2595, 3877, 7935, 9806, ]
361  -  [ 1609, 3183, 4221, 4819, 6293, 6299, 7271, ]
362  -  [ 196, 197, 198, 199, 568, 569, 2276, 2307, 3733, 5043, 5980, 6042, 7221, 8639, 8641, ]
363  -  [ 455, 2126, 2192, 3533, 7180, 7287, 9194, ]
364  -  [ 157, 938, 1961, 2793, 5326, 5727, 5812, 6337, 6413, 7308, 7636, 7967, 9258, 9761, ]
365  -  [ 1588, 6360, 6414, 6419, 7968, 8450, 8727, ]
366  -  [ 79, 786, 2269, 2305, 3158, 3627, 3638, 5384, 5884, 5885, 6202, 7124, 8722, 9676, ]
367  -  [ 1062, 1298, 4298, 4364, 4365, 4691, 6361, 6482, 7403, 9677, ]
368  -  [ 566, 776, 1000, 2309, 3092, 4010, 6199, 9416, 9628, 9758, 9785, ]
369  -  [ 1460, 1974, 3823, 4521, 4882, 6780, 7056, 8125, 8603, 8839, 8892, ]
370  -  [ 295, 1018, 1401, 1402, 3103, 3521, 4720, 8593, 9123, ]
371  -  [ 1864, 2604, 4178, 4214, 4863, 6373, 6374, 7844, 8166, 8756, 8827, 9650, ]
372  -  [ 2297, 2477, 3333, ]
373  -  [ 58, 1111, 1261, 1485, 2146, 3091, 3702, 3948, 6420, 6725, 7561, 7634, 8268, ]
374  -  [ 689, 815, 1217, 1449, 1863, 2195, 2850, 5424, 5518, 8049, 8963, 9300, ]
375  -  [ 59, 852, 1338, 3591, 9580, ]
376  -  [ 980, 3988, 4637, 5638, 7280, 9097, 9760, ]
377  -  [ 1242, 2075, 4248, 4721, 6170, 7344, 7985, 8791, 9336, ]
378  -  [ 496, 623, 1428, 1968, 5294, 5891, 5957, 6240, 6915, 7125, 7220, 7282, 7295, 7853, 8185, 8527, 8723, 8790, 9335, 9759, ]
379  -  [ 420, 6243, ]
380  -  [ 1152, 3090, 6040, 6157, 6431, 8140, 8792, 9837, ]
381  -  [ 655, 1266, 1310, 3462, 4550, 7057, 8418, 8679, 9196, ]
382  -  [ 2848, 3628, 4583, 6175, 8141, 8172, 8822, 9332, ]
383  -  [ 1768, 1935, 2876, 3532, 5158, 6613, 7583, 8990, 9399, ]
384  -  [ 3125, 8198, 8366, 9246, ]
385  -  [ 384, 1835, 3014, 3070, 3895, 6343, 9182, ]
386  -  [ 382, 445, 527, 982, 1073, 2679, 3009, 3048, 4957, 4958, 6605, 9180, 9886, 9997, ]
387  -  [ 4265, 6386, 7047, 7097, 9181, ]
388  -  [ 371, 404, 1622, 1853, 2184, 2186, 4368, 5139, 5574, 5693, 6765, 7348, 8398, 9245, 9510, 9704, ]
389  -  [ 213, 405, 1375, 2253, 2254, 9918, ]
390  -  [ 175, 526, 1832, 2324, 5334, 5611, 5662, 5663, 6331, 6578, 7311, 7376, 7731, 8886, 9133, ]
391  -  [ 987, 988, 3202, 5946, 7659, 7809, ]
392  -  [ 2029, 3603, 4456, 5921, 7032, 8017, ]
393  -  [ 1476, 1888, 3019, 3069, 3446, 3992, 5126, 5127, 5913, 5944, 6476, 7062, 8530, 8983, 9296, 9799, 9824, ]
394  -  [ 66, 835, 981, 1394, 2913, 2914, 4656, 5880, 8885, 9091, 9667, ]
395  -  [ 1418, 2463, 5125, 5709, 5855, 8799, 8830, 9828, ]
396  -  [ 1536, 1971, 2173, 4429, 4971, 5288, 6187, 6188, 6509, 6875, 7649, 9156, ]
397  -  [ 913, 1537, 1624, 2863, 3523, 3559, 6758, 7506, 9288, ]
398  -  [ 381, 386, 2622, 2623, 3281, 4027, 4048, 4049, 4457, 4662, 4930, 5124, 6401, 6406, 7262, 7263, 7808, 9092, 9338, 9521, 9827, ]
399  -  [ 299, 1920, 3644, 7184, 8178, 8179, ]
400  -  [ 403, 949, 1019, 2121, 3235, 3780, 4110, 4383, 4400, 4772, 5152, 9893, 9964, 9996, ]
401  -  [ 1145, 2607, 4411, 5513, 5972, 6666, 8015, 9029, ]
402  -  [ 2416, 4347, 4555, 7256, 7276, 7638, 8460, 8500, 8529, 9343, ]
403  -  [ 383, 1414, 1647, 1986, 3028, 4401, 5055, 5405, 5971, 6926, 7050, 8818, 9511, ]
404  -  [ 646, 1343, 1623, 2185, 2478, 2598, 4269, 4485, 5504, 5623, 9132, ]
405  -  [ 1199, 3263, 4412, 5588, 5745, 9460, ]
406  -  [ 243, 647, 889, 1282, 1347, 2731, 3008, 3546, 4346, 7293, 7535, 9559, 9641, ]
407  -  [ 337, 1220, 1283, 1941, 2946, 3664, 4154, 6302, 6460, 7536, 9018, 9406, 9647, 9919, ]
408  -  [ 64, 65, 1194, 1488, 1748, 2621, 2912, 3537, 3588, 3833, 3834, 4384, 4556, 7277, 7400, 7452, 8247, 8485, ]
409  -  [ 572, 1660, 4089, 4090, 4091, 4230, 4231, 4425, 4722, 4739, 4758, 6014, 6781, 6807, 6808, 8025, 8026, 8339, 8340, 8388, 9054, ]
410  -  [ 765, 1195, 1393, 3522, 3536, 4535, 5269, 5484, 6873, 7146, 8501, 9077, 9206, 9344, 9345, ]
411  -  [ 70, 1415, 1897, 2427, 3066, 3067, 3642, 4963, 6947, 7051, 7854, 8105, ]
412  -  [ 94, 139, 1133, 1803, 2338, 2835, 3239, 5338, 5622, 5624, 6874, 7838, 8502, 9573, 9735, 9814, ]
413  -  [ 3849, 4334, 4486, 4773, 4774, 7159, 7318, 7511, 7794, 7839, 8106, ]
414  -  [ 95, 834, 1218, 1258, 2300, 2301, 2732, 3569, 4354, 4479, 4925, 9558, ]
415  -  [ 1219, 2219, 2428, 3919, 4671, 4684, 5230, 5332, 5743, 6966, 7317, 7743, 8222, 8829, ]
416  -  [ 877, 2183, 2255, 2911, 3206, 4732, 9781, 9854, ]
417  -  [ 335, 3724, 4579, 4731, 5371, 5414, 7347, 9027, ]
418  -  [ 940, 2047, 2712, 3207, 3381, 3760, 6022, 9853, ]
419  -  [ 658, 1074, 1869, 2037, 4264, 4266, 5470, 6707, 7196, 8191, 9139, 9404, ]
420  -  [ 217, 878, 939, 3015, 3325, 3677, 4677, 5138, 6655, 7678, 8112, 9032, 9705, ]
421  -  [ 2002, 3739, 4222, 4494, 4827, 7375, ]
422  -  [ 331, 577, 1126, 3485, 3767, 4183, 6323, 6588, 7264, 7637, ]
423  -  [ 440, 1481, 1753, 4184, 4792, 5061, 6324, ]
424  -  [ 570, 1673, 2116, 5111, 8926, 9028, ]
425  -  [ 855, 1930, 4651, 8849, ]
426  -  [ 1672, 4421, 6045, 7139, 7881, 8227, 9384, 9804, 9913, 9998, ]
427  -  [ 893, 996, 4422, 8574, 9405, 9811, ]
428  -  [ 499, 4153, 5396, 6034, 6356, 7469, 7517, 8914, ]
429  -  [ 1970, 3558, 3896, 4428, 4875, 5112, 5565, 8702, 9157, 9473, ]
430  -  [ 768, 3210, 5854, 6402, 7353, 7518, 8380, 8636, 8637, 9866, ]
431  -  [ 109, 1395, 3109, 3159, 4006, 4755, 7140, 9812, ]
432  -  [ 2161, 2730, 5580, 5732, 7049, 8241, 9425, ]
433  -  [ 209, 1150, 2729, 3744, 4580, 5927, 5928, 7587, 7899, 8424, 9230, ]
434  -  [ 2120, 3016, 4382, 4534, 5329, 5698, 5733, 6023, 6634, 7119, 8242, 8310, 9229, 9454, ]
435  -  [ 1075, 1772, 2271, 2667, 3679, 5190, 5534, 5550, 9385, ]
436  -  [ 571, 645, 2666, 3999, 5248, 6301, 8303, 9228, 9311, 9855, ]
437  -  [ 1237, 3110, 6656, 6908, 7291, 7441, ]
438  -  [ 3119, 5392, 6271, 6272, 6990, 7089, 7349, 7725, 8520, 8532, 9536, ]
439  -  [ 2325, 3505, 3678, 3864, 4683, 5533, 5926, 6316, 6944, 8921, 8978, ]
440  -  [ 2041, 2664, 2786, 2787, 3310, 3508, 5559, 6644, 7283, ]
441  -  [ 941, 1012, 3507, 3926, 4650, 5461, 5581, 5989, 6757, 6906, 7031, 7497, 7525, 9010, ]
442  -  [ 2261, 3382, 3730, 4012, 5110, 5278, 5483, 5654, 5982, 6991, 7379, 8164, 8226, 8843, ]
443  -  [ 1738, 2377, 2408, 3492, 4151, 5331, 5988, 7380, 7505, 8103, 8221, 8844, 9172, ]
444  -  [ 147, 588, 4572, 5068, 5382, 5639, 7222, 7807, 8030, 8031, 9722, ]
445  -  [ 587, 912, 2665, 3085, 3738, 5113, 5194, 5195, 5410, 5427, 5560, 6636, 7900, ]
446  -  [ 80, 323, 1710, 1952, 3568, 6520, 6521, ]
447  -  [ 1429, 1985, 2010, 3506, 3820, 6676, 6835, 6916, 9716, ]
448  -  [ 17, 1426, 4632, 5001, 5922, 5965, 6050, ]
449  -  [ 3, 91, 446, 983, 1040, 1813, 2073, 2367, 4395, 4801, 6049, 7269, 7560, 9297, 9598, 9782, ]
450  -  [ 890, 950, 951, 1688, 1833, 2366, 2680, 3037, 3874, 5335, 6901, 6974, 8887, ]
451  -  [ 332, 1365, 1754, 2733, 3423, 3665, 3749, 4687, 4734, 4881, 5941, 6708, 9724, 9754, ]
452  -  [ 2738, 3240, 3366, 5153, 6876, 8372, 8900, ]
453  -  [ 1509, 1972, 2710, 3020, 3264, 5500, 7972, 9183, 9363, ]
454  -  [ 967, 1139, 2236, 2503, 3479, 3843, 4488, 5196, 5301, 7019, 7800, 8233, 8363, ]
455  -  [ 3112, 4007, 4393, 4413, 7377, 7810, 8670, 8753, 8754, 9104, 9723, ]
456  -  [ 528, 1287, 3510, 4724, 7714, 8018, 8153, 8325, 9207, 9743, ]
457  -  [ 90, 2445, 3509, 4633, 5216, 5856, 7155, 7270, 8376, 9136, 9619, ]
458  -  [ 387, 2304, 4959, 5027, 5822, 6819, 6973, 7418, 8413, 9643, ]
459  -  [ 503, 1782, 2163, 2444, 2968, 3422, 3955, 4070, 4104, 4584, 4733, 4880, 5174, 5203, 5215, 6418, 8374, 8454, 8456, 9093, 9512, ]
460  -  [ 1565, 2234, 2235, 2737, 3156, 3157, 4210, 4790, 5499, ]
461  -  [ 1138, 1566, 2035, 3490, 3897, 5383, 5779, 6802, 7563, 9868, ]
462  -  [ 1259, 1663, 2080, 3589, 3604, 4385, 6288, 6618, 8703, 8823, 8851, 9158, ]
463  -  [ 766, 1664, 2741, 3770, 3850, 4270, 4357, 4825, 5823, 6510, 6688, 6751, 7354, 7444, 8180, 9135, 9255, 9434, 9513, ]
464  -  [ 1041, 3072, 3334, 4678, 5131, 6267, 7416, ]
465  -  [ 1592, 1865, 2467, 2608, 8167, ]
466  -  [ 631, 734, 1427, 2417, 2479, 3586, 3816, 4502, 5173, 5979, 6877, 7086, 7415, 7433, 7846, 9596, ]
467  -  [ 553, 2104, 2392, 3755, 4408, 4686, 5519, 5664, 9407, 9597, ]
468  -  [ 811, 1311, 2144, 3331, 4824, 5249, 9618, ]
469  -  [ 749, 1814, 2339, 2982, 3332, 6319, 6320, 6551, 6612, 9483, 9965, ]
470  -  [ 218, 1344, 1448, 1550, 2237, 2698, 3419, 4327, 4392, 4480, 4878, 5463, 6214, 7417, 8050, 8234, 9134, ]
471  -  [ 2103, 2519, 2948, 2965, 3021, 3769, 4601, 5465, 9446, 9560, 9574, ]
472  -  [ 778, 1517, 1749, 3049, 3225, 3538, 4188, 5309, 6077, 6667, 7533, 8204, 8390, ]
473  -  [ 5, 2074, 3469, 4001, 4002, 4190, 4696, 6911, 7052, 7986, 8027, 8536, 8909, 8998, 9231, ]
474  -  [ 735, 3094, 3461, 3781, 4189, 5741, 7209, 7294, 7574, 8447, 8789, 9401, 9430, 9867, ]
475  -  [ 350, 534, 535, 1532, 2138, 4355, 8118, 9044, 9484, ]
476  -  [ 500, 4209, 7054, 8231, 9275, ]
477  -  [ 140, 1013, 1307, 1308, 2149, 2806, 5411, 5923, 6321, 8448, ]
478  -  [ 495, 1662, 1867, 2229, 3086, 5157, 6487, 7799, 8232, 8928, 9642, ]
479  -  [ 501, 3924, 4507, 5466, 5601, 7055, 7397, ]
480  -  [ 479, 1110, 1459, 2368, 2418, 2889, 3541, 4921, 8266, 9122, 9668, 9675, ]
481  -  [ 621, 1312, 1587, 1932, 2926, 5914, 6698, 8415, 8848, 9755, ]
482  -  [ 325, 775, 4613, 6579, 7265, 7779, 9202, 9702, ]
483  -  [ 1551, 2038, 3487, 3511, 3518, 3976, 4793, 4960, 6192, 6534, 6922, 7390, 7843, 8578, 8599, 9725, ]
484  -  [ 141, 334, 876, 2308, 2469, 3276, 3540, 3701, 4977, 6663, 7677, 7715, 7721, 9633, ]
485  -  [ 530, 539, 1936, 2794, 3581, 5694, 5857, 6821, 9478, ]
486  -  [ 576, 832, 865, 1127, 1128, 3277, 3367, 3590, 4430, 6322, 6488, 6489, 7033, 7339, ]
487  -  [ 1289, 1868, 2017, 3033, 3203, 3486, 6093, 6776, 8146, 8598, 9116, 9477, 9775, ]
488  -  [ 1082, 2259, 3539, 6560, 7210, 9632, ]
489  -  [ 1341, 2165, 2742, 4071, 5804, 5881, 6535, 6907, 9397, 9542, 9805, ]
490  -  [ 529, 5385, 5482, 6580, 6998, 9193, 9840, ]
491  -  [ 664, 1148, 1288, 2011, 2796, 3901, 6046, 7212, 8205, 8838, ]
492  -  [ 3275, 3377, 3379, 3554, 4140, 6561, 6913, 8406, 8895, ]
493  -  [ 1336, 3230, 3378, 3645, 4676, 4826, 5386, 6536, 8449, 9398, ]
494  -  [ 81, 1124, 1345, 2306, 2662, 2847, 3491, 4079, 5773, 7126, 8638, 8718, ]
495  -  [ 220, 2277, 3282, 5204, 5961, 9094, 9115, ]
496  -  [ 2314, 3017, 4338, 4410, 6469, 7524, 7588, 8338, 8417, ]
497  -  [ 92, 200, 1773, 2466, 2713, 3672, 3942, 4794, 4802, 5734, ]
498  -  [ 2415, 3587, 3875, 3907, 5330, 6198, 6522, 6633, 7627, 7818, 8642, ]
499  -  [ 281, 3865, 3932, 4321, 4469, 5378, 6346, 8243, 8269, 8825, 9386, ]
500  -  [ 2153, 4549, 4581, 5558, 6156, 8741, ]
501  -  [ 9195, ]
502  -  [ 769, 833, 3120, 3418, 6539, 7539, 8689, 8962, 9333, ]
503  -  [ 3768, 5044, 7340, 8991, ]
504  -  [ 764, 1313, 1689, 2162, 2260, 4000, 4229, 5372, 6242, 6909, 8391, ]
505  -  [ 368, 1929, 2993, 3888, 4756, 5240, 5426, 5471, 6375, 6376, 6910, ]
506  -  [ 2788, 6241, 8927, 9449, ]
507  -  [ 1047, 1533, 4889, 6483, 6484, 6635, 7211, 7343, 8311, ]
508  -  [ 101, 2009, 2483, 2709, 3555, 5366, 7575, ]
509  -  [ 407, 1518, 2904, 5742, 6078, ]
510  -  [ 324, 523, 1125, 1953, 2548, 2851, 3719, 3819, 4749, 5981, 6504, 8165, 9076, 9334, 9856, ]
511  -  [ 3925, 5832, 7442, 8104, 8173, 8878, 8896, ]
512  -  [ 2672, 7951, ]
513  -  [ 4492, 8041, ]
514  -  [ 8384, 9038, ]
515  -  [ 2799, 6903, 7551, 8776, ]
516  -  [ 2067, 2821, 4870, 5358, 6654, 7206, 7489, 8429, ]
517  -  [ 182, 363, 1453, 6727, 7708, 7719, 9357, ]
518  -  [ 278, 1824, 2413, 3007, 3525, 3526, 5660, 6196, 6341, 9368, ]
519  -  [ 170, 896, 2201, 3261, 4360, 5798, 7550, 7603, 7625, 9592, ]
520  -  [ 443, 848, 2257, 2588, 3708, 4463, 4466, 5920, ]
521  -  [ 2560, 2790, 4015, 4674, 5992, 6165, 6994, 9083, 9348, ]
522  -  [ 643, 3308, 4515, 4553, ]
523  -  [ 714, 1676, 4673, 4932, 5283, ]
524  -  [ 2515, 2960, 2961, 2962, 3810, 6068, 6223, 6868, 7324, 9213, 9337, 9985, ]
525  -  [ 271, 2535, 3362, 6140, 6340, 7804, ]
526  -  [ 263, 7137, 7389, 8278, 8508, ]
527  -  [ 1362, 3571, 3891, 5375, 5592, 5846, 7334, 8846, ]
528  -  [ 2343, 3827, 4277, 6364, 6390, 6445, 7094, 7095, 8368, ]
529  -  [ 674, 1513, 1806, 2591, 2906, 3712, 3713, 6280, 6389, 7093, 7580, ]
530  -  [ 901, 1155, 3804, 4659, ]
531  -  [ 224, 471, 1467, 1615, 3867, 7492, 7993, 8037, 8255, 8355, ]
532  -  [ 670, 3371, 3595, 4694, 7387, 8445, ]
533  -  [ 1957, 4055, 6553, 6987, 7620, 8870, 9462, 9463, ]
534  -  [ 1845, 3697, 4241, 4316, 6404, 6446, 6585, 7239, 7542, 8277, 8353, ]
535  -  [ 2488, 2489, 2979, 3801, 7320, 8745, ]
536  -  [ 98, 2021, 4018, 6425, 6985, 9529, 9585, ]
537  -  [ 20, 954, 2005, 2920, 3279, 4303, 4703, 5838, 5898, 6012, 6037, 6554, 7487, 8120, 9528, 9652, 9673, ]
538  -  [ 1003, 1535, 1731, 3661, 3985, 3986, 4146, 4511, 8758, 9053, 9354, 9712, ]
539  -  [ 4482, 5569, 6113, 8160, ]
540  -  [ 1225, 2319, 4484, 4547, 5889, 6426, 7621, 8685, ]
541  -  [ 1005, 1292, 1358, 2131, 2487, 3704, 5228, 6381, 7225, 7226, 7238, 8438, ]
542  -  [ 2442, 3306, 5306, 5931, 6152, 7388, 7797, 9451, 9452, ]
543  -  [ 669, 1359, 5356, 6703, 6712, 7543, 7718, 8060, ]
544  -  [ 2068, 3386, 4746, 7204, 9004, 9767, ]
545  -  [ 119, 732, 1382, 2114, 4849, 6930, 8040, 9110, 9567, 9623, ]
546  -  [ 2587, 5213, 7608, 8918, 9616, 9625, ]
547  -  [ 392, 4462, 5644, 7552, 7688, ]
548  -  [ 610, 1085, 1700, 2330, 3058, 6116, 8287, 9209, 9645, 9909, ]
549  -  [ 1069, 3006, 4798, 4955, 5005, 6206, 6598, 7157, 7700, ]
550  -  [ 517, 1245, 2322, 3358, 3996, 5652, 5695, 5696, 5706, 6277, 6453, 6715, 9923, ]
551  -  [ 362, 519, 1438, 2517, 3350, 5848, 6207, 7723, 7992, 9037, ]
552  -  [ 692, 3012, 3342, 4131, 4665, 4916, 9884, ]
553  -  [ 3200, 3978, 5787, 8321, ]
554  -  [ 2438, 3129, 4465, 4641, 4649, 6547, 7261, 9204, ]
555  -  [ 805, 903, 1856, 2082, 3902, 6856, 7351, ]
556  -  [ 925, 1301, 3370, 3979, 4120, 7205, 7653, 9367, ]
557  -  [ 241, 2130, 2398, 4896, 6597, 8708, 8751, ]
558  -  [ 481, 482, 3653, 4754, 6133, 7260, 7889, 9978, ]
559  -  [ 40, 706, 1727, 2362, 2744, 4745, 5523, 6380, 7991, 8295, ]
560  -  [ 1036, 1693, 1816, 3984, 4017, 6209, 7689, 9880, ]
561  -  [ 1168, 2026, 2440, 2764, 3256, 3885, 4035, 4179, 4180, 4331, 4586, 4693, 5075, 6422, 6846, 7003, 8865, 9467, ]
562  -  [ 4115, 7439, 8254, 8563, 8657, ]
563  -  [ 1027, 2439, 2472, 2763, 2859, 2899, 3148, 4259, 4276, 4416, 4766, 7083, 7254, 7367, 8074, 8566, 8806, 9974, ]
564  -  [ 192, 1486, 2684, 4439, 4904, 5852, 6106, 6762, 8562, ]
565  -  [ 320, 1184, 1407, 1562, 3619, 4567, 4605, 5730, 8647, ]
566  -  [ 1255, 1278, 1759, 2381, 3527, 4923, 6734, 6941, 6942, ]
567  -  [ 50, 971, 972, 1130, 1291, 1499, 1653, 2919, 4239, 4822, 5844, 6151, 6716, 8656, 9931, ]
568  -  [ 43, 105, 1204, 1243, 1990, 2189, 2248, 2425, 4980, 4981, 5133, 6210, 6719, 9709, 9802, ]
569  -  [ 667, 808, 1251, 1390, 1391, 1857, 2424, 3185, 3454, 4086, 6847, 7682, 8307, 9801, ]
570  -  [ 41, 1821, 2473, 7503, 7504, ]
571  -  [ 1279, 2784, 3305, 5724, 6030, 7301, 8003, ]
572  -  [ 1244, 1822, 3405, 3594, 6067, 6763, 7683, 7981, 8033, ]
573  -  [ 181, 284, 668, 2441, 3872, 4043, 4568, 4821, 5188, 6525, 7386, 9438, 9971, ]
574  -  [ 1497, 2891, 4353, 4575, 4616, 6720, 7975, 9223, ]
575  -  [ 2375, 2783, 4744, 4935, 6011, 6231, 6334, 6388, 7477, ]
576  -  [ 661, 2206, 3128, 4514, 6276, 7555, ]
577  -  [ 97, 442, 710, 1707, 2501, 2514, 2637, 2996, 4082, 5537, 6353, 6610, 6867, 7199, 7203, 8898, 9347, ]
578  -  [ 935, 2071, 2509, 2695, 5895, 7364, 8917, 9370, ]
579  -  [ 390, 470, 2198, 8356, 9414, 9733, ]
580  -  [ 276, 662, 2694, 6195, 7950, 8874, ]
581  -  [ 237, 449, 745, 1839, 1840, 2175, 5185, 8615, 9000, ]
582  -  [ 124, 277, 1841, 2389, 2839, 2840, 3078, 3295, 6961, 7240, 8383, 8430, ]
583  -  [ 1743, 2500, 2808, 3153, 5038, 6020, 7624, ]
584  -  [ 472, 642, 936, 6555, 6773, 7641, 8047, 8217, 8218, ]
585  -  [ 491, 873, 924, 1032, 2534, 2561, 2800, 2995, 4797, 4894, 4992, 5183, 5991, 6275, 6291, 6608, 6609, 7994, 9984, ]
586  -  [ 188, 469, 1445, 4464, 4527, 4624, 8318, 8596, 9065, 9164, ]
587  -  [ 437, 1916, 4317, 6462, 6800, 7285, 8319, 9285, ]
588  -  [ 257, 275, 675, 1007, 3269, 3650, 4118, 4295, 4928, 5262, 5705, 6222, 6427, 6774, 7306, 7770, 8316, 9257, 9378, 9379, 9495, 9496, 9769, ]
589  -  [ 75, 76, 4813, 5184, 6621, 7602, 8161, 8294, 8497, 9992, ]
590  -  [ 3294, 4296, 4405, 4640, 5643, 5769, 5795, 6631, 7332, 7483, 8317, ]
591  -  [ 240, 2626, 2671, 3408, 5715, 5959, 6437, 6492, 6506, 7333, 8259, 8260, 9355, 9356, ]
592  -  [ 262, 2090, 5859, 7006, 7216, 7323, 8336, 8604, 8820, 8981, ]
593  -  [ 26, 1579, 1956, 2066, 2496, 2513, 2600, 2636, 3039, 3116, 3173, 3245, 6887, 7461, 9428, ]
594  -  [ 1878, 2178, 2932, 3802, 4340, 5675, 5919, 7460, 8272, 8628, ]
595  -  [ 225, 953, 5536, 6586, 6904, 7029, 7082, 8143, ]
596  -  [ 27, 814, 1398, 1891, 2508, 4114, 6354, 6430, 8980, 8988, 9922, ]
597  -  [ 1006, 1543, 2552, 4886, 5616, 6653, 7078, 7409, 8565, 8700, 8916, 9921, ]
598  -  [ 1778, 1779, 1964, 2390, 4315, 5994, 6682, 6804, 6939, 7728, 9579, ]
599  -  [ 1002, 1855, 3618, 4711, 4927, 5282, 7623, ]
600  -  [ 104, 1201, 1496, 2410, 2594, 2952, 4253, 4937, 6787, 7647, 8571, ]
601  -  [ 180, 859, 2593, 2638, 3117, 3544, 3917, 4596, 5896, 5897, 6038, 6164, 7035, 7070, 7486, 8038, 8358, 8560, 9154, 9898, ]
602  -  [ 490, 902, 1675, 1965, 1988, 2335, 2454, 6230, 7494, 7746, 8002, ]
603  -  [ 1733, 3439, 3757, 3837, 3868, 6896, 8119, 8188, 8357, 8595, 9540, ]
604  -  [ 711, 1372, 2318, 2577, 4574, 5538, 7410, 7427, 7952, 8986, 8987, 9578, ]
605  -  [ 256, 1361, 1691, 1838, 2329, 2820, 2943, 4718, 5678, 6701, 6702, 7227, 9577, 9684, ]
606  -  [ 117, 1883, 3938, 7802, 8058, 8439, ]
607  -  [ 116, 1360, 3212, 3357, 5570, 5985, 8946, 9222, ]
608  -  [ 346, 375, 1716, 2702, 3913, 5012, 6027, 6053, 6239, 6396, 6556, 7365, 7530, 7887, 7966, 9072, ]
609  -  [ 130, 345, 1381, 1454, 1455, 1937, 2113, 3369, 3884, 4293, 4604, 4848, 4915, 5011, 5649, 5670, 6052, 8434, 9503, 9747, ]
610  -  [ 365, 376, 700, 3011, 3392, 6855, 8253, 8889, 9501, 9739, ]
611  -  [ 391, 4648, 5351, 5942, 7178, 8994, 9615, ]
612  -  [ 722, 1892, 1904, 1905, 1981, 2929, 3995, 5148, 5651, 7360, 8261, 8262, 8969, ]
613  -  [ 418, 1679, 1692, 3040, 4415, 4914, 5669, 6888, 8021, 8860, 9479, 9766, ]
614  -  [ 264, 994, 1744, 1862, 3198, 4445, 6558, 7242, 7546, 7919, 7944, 8162, 8498, 9550, 9681, ]
615  -  [ 361, 970, 993, 1436, 1437, 4034, 6889, 7484, 7529, 8064, 9507, ]
616  -  [ 132, 156, 2091, 3030, 4933, 5291, 5401, 7607, 8184, ]
617  -  [ 129, 681, 691, 721, 3669, 3883, 3994, 4016, 4664, 5242, 6463, 8039, 8968, 9143, 9144, 9756, ]
618  -  [ 1054, 2199, 3428, 4059, 4297, 4531, 5352, 6028, 6029, 8385, 9502, ]
619  -  [ 633, 1089, 1141, 2956, 3147, 4373, ]
620  -  [ 1399, 2007, 3249, 3404, 3652, 4119, 4903, 5650, 6557, 7071, 7217, ]
621  -  [ 77, 113, 1355, 3003, 4895, 5671, 6464, 7476, 7867, 9916, ]
622  -  [ 712, 1053, 1884, 2207, 2275, 3004, 7072, 7990, 8048, 8283, ]
623  -  [ 504, 2264, 2437, 3162, 4219, 4814, 5766, 8320, 9500, ]
624  -  [ 701, 1555, 1933, 2176, 2177, 4945, 5617, 7646, 9050, ]
625  -  [ 759, 1553, 1561, 2512, 2551, 3115, 3255, 3593, 4113, 5399, 5888, 7462, 7578, 8869, ]
626  -  [ 377, 821, 2510, 3061, 3600, 4636, 5968, 6096, 7102, 8175, ]
627  -  [ 19, 2342, 3172, 4510, 4765, 4887, 4967, 5346, 5403, 5641, 5977, 7467, 8836, 9480, ]
628  -  [ 1554, 2333, 2930, 2944, 3314, 4342, 4838, 5691, 6963, 7005, 7930, 8042, 8549, 8985, 9636, ]
629  -  [ 461, 760, 1290, 1949, 2901, 2991, 3246, 3247, 4054, 4717, 6718, 7579, 7957, 8435, ]
630  -  [ 1820, 1825, 1849, 1934, 2931, 3163, 3930, 4719, 4815, 6741, 6940, 7547, 8805, ]
631  -  [ 238, 813, 1371, 2755, 4275, 5186, 5272, 5628, 5629, 5767, 6465, 6962, 7485, 8945, 9129, ]
632  -  [ 131, 187, 1495, 3213, 4003, 5192, 6849, 8116, ]
633  -  [ 615, 1250, 1766, 2423, 3601, 4202, 4437, 4817, 5400, 5685, 7385, 8359, ]
634  -  [ 1296, 1297, 4200, 5286, 5768, 6066, 6850, 7859, 8189, 8201, ]
635  -  [ 115, 1534, 2265, 2406, 2771, 3968, 5591, 5642, 7717, 7980, 9153, 9481, ]
636  -  [ 2526, 3441, 4294, 5474, 5618, 6248, 9366, ]
637  -  [ 239, 416, 417, 2328, 3248, 4203, 4273, 4438, 5187, 7228, 8561, ]
638  -  [ 352, 1590, 4274, 7822, ]
639  -  [ 114, 319, 351, 713, 1142, 2405, 3440, 4743, 5627, 8386, ]
640  -  [ 430, 4130, 4748, 4936, 5129, 5799, 7490, 7741, 9325, ]
641  -  [ 806, 5155, 6026, 6949, 7131, ]
642  -  [ 2063, 5875, 6081, 9538, ]
643  -  [ 1304, 1987, 2062, 2383, 5593, 7060, 7153, ]
644  -  [ 644, 1078, 1809, 5894, 9624, ]
645  -  [ 583, 2225, 3416, 5514, 6395, 6931, 9717, 9908, ]
646  -  [ 364, 1677, 2518, 2688, 2857, 2986, 3632, 4760, 6792, 7890, 8134, 8655, 9128, 9972, ]
647  -  [ 754, 2686, 2689, 3351, 6828, 7459, 7604, 7744, ]
648  -  [ 143, 693, 1077, 1564, 2028, 2274, 3372, 3427, 5128, 5712, 7345, ]
649  -  [ 38, 2006, 2123, 4869, 4973, 5223, 5290, 5430, 6281, 7233, 8137, ]
650  -  [ 1493, 1501, 2490, 4809, 6457, 6857, ]
651  -  [ 977, 1210, 1492, 1901, 3699, 4964, 5847, 8256, 9167, 9699, ]
652  -  [ 1122, 2855, 3280, 3549, 4335, 5801, 6018, 6330, 6869, 9309, 9768, ]
653  -  [ 686, 895, 3161, 3548, 5023, 5224, 5357, 7160, 8663, ]
654  -  [ 1302, 1573, 2924, 3151, 4286, 5595, 6069, 9254, 9281, ]
655  -  [ 32, 537, 772, 1538, 1900, 2749, 5486, 8223, 9977, ]
656  -  [ 2069, 2273, 3459, 4917, 7541, 8149, 8332, 8626, 9617, ]
657  -  [ 215, 1170, 3425, 4067, 4497, 4788, 5047, 5048, 6700, 7962, 8777, ]
658  -  [ 679, 817, 2004, 2878, 4158, 4417, 4808, 7745, 9020, 9022, 9023, ]
659  -  [ 1500, 2434, 2877, 4159, 5446, 6447, 7321, 7363, 7368, 8354, 8819, 9218, ]
660  -  [ 193, 1058, 1224, 3193, 8210, 8211, ]
661  -  [ 2866, 3714, 4350, 5429, 6416, 6772, 9015, ]
662  -  [ 1654, 2685, 4285, 5321, 5506, 6953, 7046, 7187, 8334, ]
663  -  [ 727, 1431, 2220, 2646, 2687, 3800, 3858, 4240, 4559, 5227, 5845, 6382, 6480, 6829, 8036, 8135, ]
664  -  [ 1392, 1601, 1723, 2669, 4161, 6424, 6782, 8001, 9353, 9697, 9932, ]
665  -  [ 1548, 1563, 2592, 2959, 5603, 5604, 5973, 5974, 7836, 7941, 8575, 8966, ]
666  -  [ 1271, 4483, 4689, 4909, 5420, 7136, 7393, 9546, ]
667  -  [ 1325, 4136, ]
668  -  [ 1807, 2736, 4313, 4314, 5839, 6061, 6501, 7426, 7488, ]
669  -  [ 1408, 2494, 5472, 6384, 6479, 7319, 7850, ]
670  -  [ 487, 1741, 4590, 4807, 5363, 7727, ]
671  -  [ 1742, 1792, 1846, 1898, 2043, 2167, 3799, 7796, 8845, ]
672  -  [ 9, 978, 2242, 2652, 3845, 4747, 8812, 9875, ]
673  -  [ 1424, 1477, 2539, 3516, 6208, 6599, ]
674  -  [ 611, 4145, 5754, 6342, 7491, 7553, 8237, ]
675  -  [ 5939, 5996, 7391, 7609, 9670, ]
676  -  [ 2226, 2829, 2837, 4367, 7969, 8739, ]
677  -  [ 3252, 7111, 7447, 9543, ]
678  -  [ 1070, 1086, 5141, 9952, ]
679  -  [ 518, 520, 2798, 6837, 8133, 8654, ]
680  -  [ 847, 2363, 4612, 7022, 8216, 8810, ]
681  -  [ 1232, 1383, 2241, 3187, 4085, 4611, 6848, 8148, ]
682  -  [ 498, 846, 1947, 3309, 3787, 5633, 8512, 9626, ]
683  -  [ 844, 5256, 6031, 7652, ]
684  -  [ 1021, 2811, 6950, 7336, 7929, 8138, 8972, ]
685  -  [ 39, 1315, 2865, 5962, 9014, 9178, 9506, ]
686  -  [ 4876, 5802, 6255, 6796, 8156, 8518, 9476, ]
687  -  [ 422, 555, 845, 1605, 3363, 5205, 5206, 5271, 5963, 6969, ]
688  -  [ 1786, 5107, 5435, 5916, 6423, ]
689  -  [ 790, 807, 1169, 2900, 3886, 5750, 6563, 6699, 6717, 6822, 8489, 8564, 9568, ]
690  -  [ 826, 900, 1722, 5707, 6117, 6118, 6721, 6970, 8194, 9595, ]
691  -  [ 1466, 3528, 5232, 5749, 7314, 7466, 7976, 8270, 8271, 9217, ]
692  -  [ 242, 431, 3188, 3458, 4905, 5361, 5525, 5751, 6179, 6733, 9248, ]
693  -  [ 652, 2326, 3691, 3965, 5064, 5544, 5598, 7004, 8483, ]
694  -  [ 1762, 3355, 3620, 5545, 6454, 6735, 6843, 8352, 9319, ]
695  -  [ 564, 947, 1016, 3395, 4223, ]
696  -  [ 1858, 2854, 5755, 8809, ]
697  -  [ 136, 423, 1547, 2027, 2481, 3453, 3856, 4475, 6032, 6596, 7849, 8587, 8893, 9672, ]
698  -  [ 827, 1269, 2083, 3000, 3728, 4767, 5078, 5084, 5234, 6844, 7108, 8867, ]
699  -  [ 3100, 3974, 4267, 5496, 7066, 7315, 7421, 7422, 7591, 8404, 8581, ]
700  -  [ 2714, 3364, 5503, 5609, 6060, ]
701  -  [ 486, 1136, 1252, 3455, 5562, 9688, ]
702  -  [ 606, 1064, 1644, 2058, 3873, 5494, 6630, 7982, 8004, 8466, 8476, 8519, ]
703  -  [ 149, 8554, 9173, ]
704  -  [ 1108, 1866, 4918, 5515, 6995, 7554, 7925, 8984, 9718, ]
705  -  [ 447, 584, 818, 1889, 3623, 4052, 7122, 7892, 8936, ]
706  -  [ 849, 1595, 1713, 1925, 2205, 4195, 6191, ]
707  -  [ 177, 488, 1419, 1924, 2213, 5576, 6286, 7473, 7565, 8735, 8935, ]
708  -  [ 728, 819, 1397, 2143, 2332, 2750, 4122, 4123, 4919, 5869, 7207, 8395, 9070, 9071, 9120, ]
709  -  [ 87, 1666, 1775, 1890, 2656, 4051, 4986, 5589, 7856, 7943, ]
710  -  [ 0, 1526, 1539, 1712, 2349, 3077, 3232, 4255, 4257, 4287, 6258, 6680, ]
711  -  [ 236, 1380, 1665, 2655, 4185, 5253, 5542, 6753, 8746, 9816, ]
712  -  [ 885, 1286, 1318, 2204, 3268, 3390, 3391, 5210, 5964, 7305, 7600, 7691, 8591, 9168, 9860, ]
713  -  [ 923, 1596, 2648, 3403, 3771, 7640, 8046, 8341, 8473, ]
714  -  [ 1187, 2303, 4102, 6073, 6074, 7249, 7475, 9859, ]
715  -  [ 1685, 2140, 2625, 3482, 3622, 3686, 3859, 5236, 5794, 6257, 7198, 7855, 8496, 9069, 9226, ]
716  -  [ 10, 1597, 2142, 2352, 3076, 3141, 3560, 5024, 5261, 5438, 5488, 6959, 7330, 7331, 7947, 7948, ]
717  -  [ 1197, 1625, 5714, 5975, 6313, 7329, 7521, 8342, 8487, ]
718  -  [ 123, 1061, 4040, 4099, 4194, 8973, 9690, 9839, ]
719  -  [ 1060, 4101, 5085, 5487, 6153, 8092, 8258, 9377, 9738, ]
720  -  [ 2227, 2874, 3127, 5456, 6287, 7322, 8627, 8736, 9174, 9818, ]
721  -  [ 448, 3829, 3936, 4419, 4524, 5635, 6841, 7011, 7113, 7811, 8045, 8330, 8522, 9817, 9958, ]
722  -  [ 151, 1926, 2414, 4252, 4861, 5918, 6797, 7606, 8335, 9955, ]
723  -  [ 489, 1420, 2089, 2214, 3029, 4058, 4155, 4196, 5171, 5666, 7493, 9219, ]
724  -  [ 1200, 1432, 1651, 3074, 5491, 7938, 7963, 9313, ]
725  -  [ 858, 1514, 3244, 4186, 4775, 5473, 5626, 5868, 7112, 7631, 9364, ]
726  -  [ 3396, 4174, 4175, 5169, 6938, 9649, ]
727  -  [ 1776, 2495, 2657, 2987, 5684, 6358, 6831, 6839, 7091, ]
728  -  [ 1103, 1683, 1927, 3659, 4162, 4228, 4723, 4740, 6810, 8115, 8717, 9630, 9653, ]
729  -  [ 1274, 1461, 2077, 2435, 2647, 3088, 5899, 5990, 6660, 6809, 7258, 7673, 8967, 9494, ]
730  -  [ 1030, 3481, 3763, 5260, 7175, 7474, 8324, 8942, ]
731  -  [ 1732, 2118, 4831, 5191, 8183, 8477, 8495, 9151, 9947, ]
732  -  [ 1650, 2348, 2576, 3501, 3502, 3705, 6502, 6823, 7820, 9119, ]
733  -  [ 2386, 3243, 4704, 4943, 5280, 6003, 7942, 8548, ]
734  -  [ 3906, 4877, 5949, 7817, ]
735  -  [ 1113, 3221, 4371, 4776, 4777, 7069, 7544, 8108, 9648, ]
736  -  [ 357, 3675, 4901, 5117, 5493, 6283, ]
737  -  [ 8, 585, 609, 1784, 3830, 3961, 7513, 7857, 9659, ]
738  -  [ 898, 1945, 7143, 7999, 8305, 9049, ]
739  -  [ 178, 899, 1944, 3171, 3640, 5254, 7025, 7687, 8174, 8864, ]
740  -  [ 985, 1815, 3847, 5025, 7964, 7965, 8474, 8525, 8738, 9316, 9533, 9593, ]
741  -  [ 1626, 4585, 6452, 7156, 7446, 7752, 8123, ]
742  -  [ 992, 5146, 5350, 5976, 6568, 7024, 7142, 8094, ]
743  -  [ 1464, 1641, 3290, 4108, 4366, 4539, 5147, 5596, 7194, 9608, 9661, ]
744  -  [ 1421, 2649, 4379, 4902, 5432, 5903, 8378, 9003, 9075, ]
745  -  [ 424, 460, 2885, 3860, 4610, 4974, 5079, 5241, 6574, 7848, 7909, 8868, ]
746  -  [ 2050, 4872, ]
747  -  [ 549, 830, 991, 1295, 2843, 3774, 4372, 5771, 9013, ]
748  -  [ 1300, 1567, 1699, 2812, 3625, 3813, 4078, 6740, 7337, 7703, 7821, 9680, ]
749  -  [ 1084, 2436, 3624, 3646, 3772, 6115, 6314, 7259, 8537, 8960, ]
750  -  [ 1099, 1574, 2036, 2846, 5439, 5517, 8854, 9720, ]
751  -  [ 310, 824, 997, 2355, 2613, 3687, 4742, 5175, 5315, 5440, 5632, 6572, 6573, 7805, 9047, ]
752  -  [ 2830, 2844, 2873, 7114, 7753, 8230, 8570, ]
753  -  [ 340, 1801, 2031, 2635, 3424, 4053, 5063, 8085, 9273, ]
754  -  [ 948, 2019, 2751, 2817, 3641, 4330, 4908, 5285, 7092, 7502, 8005, ]
755  -  [ 825, 915, 1465, 2272, 2350, 3750, 5748, 7173, 8516, 9797, ]
756  -  [ 1216, 2056, 3189, 5858, 8396, ]
757  -  [ 857, 1238, 1668, 1836, 1837, 5434, 7014, 7858, 8660, ]
758  -  [ 83, 3356, 3360, 5758, 6333, 6345, 8475, 9609, 9787, ]
759  -  [ 755, 1777, 3242, 5445, 5597, 6247, 6681, 6884, 7186, 7479, ]
760  -  [ 653, 1462, 1620, 2831, 2845, 5083, 8544, 9241, 9584, ]
761  -  [ 2039, 2327, 4999, 5711, 7148, 9582, 9935, ]
762  -  [ 179, 1859, 2351, 2356, 3122, 3658, 3751, 4474, 5209, 5311, 6183, 6737, 7775, 8306, 8517, 9220, 9456, ]
763  -  [ 2263, 4688, 5521, 7067, 7928, 9948, ]
764  -  [ 122, 595, 2151, 2371, 3963, 5437, 5497, 6300, 8588, 9148, 9365, ]
765  -  [ 1135, 8954, 9011, ]
766  -  [ 55, 1267, 2155, 3209, 7694, ]
767  -  [ 204, 205, 415, 536, 990, 2340, 5065, 7107, 9012, ]
768  -  [ 1917, 2659, 3352, 6730, 7235, 8152, 8875, ]
769  -  [ 1305, 4318, 5912, 6643, 9415, 9791, ]
770  -  [ 1468, 2925, 4516, 5322, 5940, 6351, 7711, ]
771  -  [ 627, 2013, 3411, 5214, 5718, 5873, 6265, 7701, 8733, 9700, 9777, 9925, ]
772  -  [ 1458, 1584, 1831, 2135, 2312, 2963, 4452, 5050, 6213, 7116, 7117, 8686, 8955, ]
773  -  [ 451, 733, 2980, 4471, 4498, 4851, 5225, 7872, 9752, 9927, ]
774  -  [ 353, 1023, 2565, 3663, 5475, 6385, 8710, 9299, ]
775  -  [ 1080, 6642, 6816, 6899, 9445, ]
776  -  [ 904, 1233, 1234, 3637, 4449, 4618, 4619, 5719, 7675, 8197, 8298, 9548, 9674, ]
777  -  [ 1830, 3602, 5778, 7154, 7995, 8297, 8726, 9823, ]
778  -  [ 3766, 4280, 5136, 5287, 5803, 9383, 9912, ]
779  -  [ 797, 6615, 7696, 7777, 9950, ]
780  -  [ 694, 864, 2563, 4166, 4450, 5264, 5265, 5325, 5605, 5606, 5828, 6335, 6400, 6764, 6978, 7352, 8576, ]
781  -  [ 21, 272, 1158, 2921, 3648, 5548, 5563, 8077, 8752, 9751, ]
782  -  [ 1160, 1161, 1208, 1781, 2044, 2045, 2046, 2132, 2133, 8572, 9238, ]
783  -  [ 1293, 1959, 2553, 2935, 3108, 3124, 3552, 3572, 4518, 4569, 8664, 9113, 9282, ]
784  -  [ 1257, 3353, 3779, 5999, 8667, 9468, ]
785  -  [ 3035, 3149, 3155, 4036, 5777, 6531, 8903, 9847, ]
786  -  [ 1817, 2443, 4499, 5040, 5307, 7039, 7450, 8798, 9087, 9249, ]
787  -  [ 246, 1591, 3412, 4629, 4968, 5954, 5955, 5978, 6122, 6347, 8712, 9042, 9043, 9833, ]
788  -  [ 1409, 2359, 2660, 4325, 4326, 5006, 5619, 8150, 8151, ]
789  -  [ 1131, 2502, 2981, 3287, 6746, 7079, 8731, ]
790  -  [ 2087, 2391, 3475, 4205, 4670, 4898, 5088, 5300, 5932, 7096, 8607, 9086, 9961, ]
791  -  [ 51, 171, 172, 973, 1958, 2086, 2597, 5229, 6261, 7960, 9832, ]
792  -  [ 380, 3179, 3180, 4448, 4969, 5620, 6000, 6365, 6448, 7592, 7913, 8203, 8412, 9547, 9742, 9792, ]
793  -  [ 1280, 1516, 1886, 4087, 4208, 4332, 5308, 5478, 5479, 5703, 6013, 7793, 8202, 8583, 8725, 8871, 9111, 9571, ]
794  -  [ 1473, 2190, 2426, 2804, 3065, 3832, 3954, 4591, 4989, 5806, 6750, 6971, 7648, 8715, 8940, 9911, ]
795  -  [ 822, 2137, 2158, 2773, 4137, 4171, 4617, 5645, 5725, 5933, 8312, 9400, ]
796  -  [ 810, 1262, 1281, 3138, 5319, 6602, 7953, 8361, 8605, 8630, 8668, 9085, ]
797  -  [ 748, 809, 2233, 2497, 3288, 3838, 3918, 3923, 4038, 4897, 5095, 7169, 9155, 9714, 9899, ]
798  -  [ 1207, 1918, 3752, 4250, 4983, 6486, 6526, 6898, 8362, 8680, ]
799  -  [ 1628, 4833, 6582, 6704, 9130, 9131, 9938, ]
800  -  [ 464, 465, 1583, 2115, 6498, 7902, 8322, 9084, 9534, ]
801  -  [ 964, 1342, 2202, 2728, 4850, 5681, 5943, 6507, 7424, 7597, ]
802  -  [ 842, 2910, 5997, 6729, 7273, 7274, 7903, 7970, 9822, 9871, 9924, ]
803  -  [ 1770, 2720, 3443, 5717, 5782, 5872, 9117, ]
804  -  [ 1717, 2814, 2922, 4204, 5151, 5416, 5682, 6126, 6235, 6441, 6576, 6616, 7897, 8479, 8796, 8861, 9310, 9509, 9885, 9994, ]
805  -  [ 450, 521, 1735, 2825, 3262, 3776, 4283, 4956, 5257, 5672, 7229, 7234, 8709, 8795, 9179, 9440, ]
806  -  [ 476, 510, 841, 986, 1439, 1440, 2564, 2909, 3442, 3474, 3862, 4843, 6622, 6623, 6641, 7043, 7118, 7243, 7412, 8779, 9317, ]
807  -  [ 286, 402, 1090, 1316, 1446, 5247, 5910, 6058, 6728, 9508, ]
808  -  [ 492, 1638, 2474, 3043, 3177, 4476, 4713, 4873, 5135, 6350, 6548, 6788, 7272, 8411, 9243, ]
809  -  [ 1048, 1582, 1734, 1880, 2522, 2998, 3557, 3991, 4083, 4597, 5453, 5680, 6905, 8925, ]
810  -  [ 463, 1780, 2650, 3387, 4517, 4642, 5122, 6789, 7571, 9780, ]
811  -  [ 2210, 2357, 2719, 4643, 5015, 5370, 7423, 8579, 8995, 9734, ]
812  -  [ 146, 330, 1159, 1206, 1457, 2084, 3497, 4182, 4451, 5017, 5018, 5607, 6232, 6234, 8360, 9062, 9236, 9237, ]
813  -  [ 285, 1938, 3286, 4044, 4268, 5243, 5564, 6440, 8100, 8101, 9439, 9917, ]
814  -  [ 1568, 2745, 3064, 6306, 7704, 7705, 8190, 8573, 9729, ]
815  -  [ 1211, 2286, 3499, 3551, 4045, 4170, 5679, 6815, ]
816  -  [ 3778, 5865, 7449, 8081, 8491, 8919, 8939, ]
817  -  [ 2860, 4587, 5731, 5998, 8195, 8490, 8692, 8693, 8807, ]
818  -  [ 1095, 1143, 1181, 2051, 3444, 5053, 5108, 5323, 5451, 6121, 6749, 8176, 8542, 9263, 9662, ]
819  -  [ 1885, 1896, 2544, 3742, 4375, 4376, 4399, 4786, 5763, 8163, 8499, 8711, 9778, ]
820  -  [ 1185, 1471, 1788, 1789, 2815, 4324, 4380, 5149, 5258, 6964, 8648, 9960, ]
821  -  [ 801, 853, 2431, 3166, 5076, 5163, 6745, 7921, 7958, ]
822  -  [ 551, 793, 794, 795, 2085, 2136, 5051, 5052, 5087, 7038, 7413, 8797, ]
823  -  [ 2376, 3046, 3433, 3777, 3903, 3997, 7959, 9940, ]
824  -  [ 106, 1472, 1487, 3178, 4988, 5134, 5324, 6499, 8196, 8308, 8694, 9727, ]
825  -  [ 854, 1581, 1637, 1703, 2336, 5317, 5318, 5452, 7468, 7515, 8296, 8387, 9569, 9570, 9741, ]
826  -  [ 1066, 2052, 2209, 2299, 2785, 9555, 9663, 9779, ]
827  -  [ 1100, 2718, 2721, 2772, 5016, 5820, 8071, 8075, 8177, 8347, 8633, 8714, 8882, ]
828  -  [ 321, 1951, 2358, 3167, 3463, 4165, 4982, 5019, 5150, 5599, 6233, 6897, 7115, 7516, 8348, 9728, ]
829  -  [ 751, 1950, 2902, 3118, 3257, 3545, 3692, 3922, 4181, 5123, 6485, 6790, 8086, ]
830  -  [ 2249, 2250, 3498, 3584, 5189, 7430, 8842, 9205, 9610, ]
831  -  [ 796, 1544, 2407, 5316, 5572, 7706, 8099, 9321, 9382, 9941, ]
832  -  [ 574, 1686, 1708, 2124, 4987, 5791, 6495, 6817, 8273, ]
833  -  [ 4, 63, 216, 2179, 2393, 2530, 2734, 3174, 6685, 8899, ]
834  -  [ 3154, 3399, 3413, 3607, 4501, 5120, 5121, 5238, 5790, 6349, 6438, 7399, 7873, 8748, ]
835  -  [ 2245, 2809, 2988, 3374, 4630, 5377, 6075, 6310, 8697, 9102, ]
836  -  [ 22, 676, 774, 1263, 1479, 2658, 4454, 6212, 6391, 6748, 7448, 7760, 8609, 9001, ]
837  -  [ 687, 1198, 4852, 5049, 5556, 5924, 6900, 7355, 7633, 9753, ]
838  -  [ 259, 618, 688, 792, 1079, 1386, 1793, 3253, 3398, 3476, 4406, 4994, 5039, 5661, 7325, 7326, ]
839  -  [ 354, 780, 1973, 2870, 3024, 3477, 3716, 4965, 6259, 8608, 9041, 9962, ]
840  -  [ 2014, 2268, 2661, 2832, 4278, 5000, 5137, 7674, 8061, ]
841  -  [ 291, 333, 5636, 6292, 8214, 9926, ]
842  -  [ 863, 2134, 6997, 9242, 9286, 9949, ]
843  -  [ 5647, 6493, 7162, 9039, 9040, ]
844  -  [ 839, 2562, 2791, 3318, 4593, 4779, 4842, 5263, ]
845  -  [ 933, 1335, 1852, 2498, 2774, 3409, 3721, 4993, 5686, 6141, 6801, 8078, 9112, ]
846  -  [ 545, 3373, 4279, 5540, 6057, 8145, 8577, 9770, ]
847  -  [ 2627, 2967, 3410, 4712, 5059, 5960, 6411, 7161, ]
848  -  [ 1172, 1425, 4631, 6348, 6587, 9848, ]
849  -  [ 88, 1812, 1975, 3266, 4853, 7632, 7720, ]
850  -  [ 663, 1081, 1556, 1557, 3234, 4243, 4500, 5476, 6684, 7030, 8452, 8557, ]
851  -  [ 2, 15, 619, 5347, 7566, ]
852  -  [ 4305, 6004, 6398, 8171, 8666, 9262, 9900, ]
853  -  [ 452, 1119, 1171, 3949, 4037, 5299, 7581, 7759, 8556, ]
854  -  [ 28, 597, 4361, 6825, 6920, 8043, 8785, 9685, ]
855  -  [ 355, 1527, 2430, 2966, 4242, 7973, ]
856  -  [ 741, 955, 3214, 3869, 3987, 4839, 6008, 6328, 7754, 7861, 8584, 8821, ]
857  -  [ 5348, 5726, 6039, 6184, 6475, 7792, 8840, 9713, 9936, ]
858  -  [ 2022, 2266, 4138, 4778, 6009, 6811, 7456, 7860, 8144, 8453, 8698, 9554, ]
859  -  [ 1340, 2191, 3022, 3529, 4164, 4356, 5447, 5646, 6466, 6812, 6813, 7040, 7316, 7372, 8713, ]
860  -  [ 596, 616, 1549, 3316, 3317, 3840, 4563, 6186, 6919, 8606, 8674, 8688, 9637, ]
861  -  [ 1118, 1767, 2168, 2387, 2867, 5408, 6747, 8121, 8778, ]
862  -  [ 1022, 2228, 3023, 3765, 4163, 4564, 4627, 5180, 6405, 6467, 7785, 7862, ]
863  -  [ 1339, 2521, 3921, 5093, 6173, 7189, 7798, 9686, 9715, 9939, ]
864  -  [ 294, 2468, 5211, 8938, 9395, ]
865  -  [ 874, 1033, 2619, 2801, 2997, 3990, 7075, 8523, 9504, ]
866  -  [ 154, 506, 507, 730, 1044, 1528, 2603, 3564, 4468, 5359, 6497, 6559, 6632, 7073, 8128, 9394, ]
867  -  [ 620, 2542, 3951, 4398, 4940, 4996, 6755, 7179, 7405, 7945, 8890, 9201, 9516, ]
868  -  [ 575, 1400, 2152, 2601, 4306, 4319, 5098, 6021, 6662, 6951, 7037, 7877, 8263, 8616, 8617, 9073, ]
869  -  [ 682, 746, 3041, 3098, 3941, 4009, 4519, 7200, 7584, 7868, 8022, 8065, 8416, 9145, ]
870  -  [ 359, 505, 840, 3102, 4060, 4467, 4995, 5829, 5871, 7195, ]
871  -  [ 439, 3204, 3205, 3775, 4062, 7626, 8301, 9392, 9393, 9993, ]
872  -  [ 226, 622, 1456, 3101, 6054, 7036, 7875, 9486, 9487, ]
873  -  [ 1580, 2957, 3175, 4409, 4818, 6756, 7514, 8206, 8891, 8913, 9541, 9757, ]
874  -  [ 145, 2554, 2908, 3759, 3950, 5860, 6496, 8337, 8592, 8597, 9656, 9901, ]
875  -  [ 538, 634, 1635, 3182, 5066, 5716, 7286, 8794, 8880, 8947, 9192, 9514, 9515, ]
876  -  [ 78, 695, 875, 2008, 2887, 3473, 4975, 5489, 6355, 8139, 8379, 9227, ]
877  -  [ 750, 2614, 3861, 6315, 6412, 8079, 8701, 9748, ]
878  -  [ 358, 4362, 4363, 6270, 7042, 8585, 8815, 9870, ]
879  -  [ 189, 438, 1337, 5772, 8181, 8881, 9749, ]
880  -  [ 425, 1017, 2696, 6890, 7455, 8302, 9902, ]
881  -  [ 1515, 1680, 2949, 6311, 6611, 7463, 8458, ]
882  -  [ 1636, 2157, 3233, 3272, 3291, 3931, 4156, 4533, 5450, 5864, 6120, 6468, 7531, 7878, ]
883  -  [ 419, 565, 781, 930, 1055, 1094, 2543, 4862, 5178, 5273, 5293, 5404, 5630, ]
884  -  [ 23, 379, 696, 2032, 2108, 2803, 5805, 5863, 6891, 7219, 8687, ]
885  -  [ 1093, 2169, 2171, 3566, 4094, 4299, 5177, 5368, 7758, 8436, 8555, ]
886  -  [ 851, 2945, 4374, 7208, ]
887  -  [ 1984, 3271, 4520, 4628, 6459, 7920, 8673, ]
888  -  [ 462, 979, 2639, 3224, 7912, 8841, 9429, 9553, ]
889  -  [ 341, 2992, 3089, 3176, 3636, 4220, 6518, 7103, 9519, 9726, ]
890  -  [ 289, 366, 916, 1829, 3123, 3758, 3764, 5179, 5831, 7041, 7932, 7978, 8117, 8837, ]
891  -  [ 3969, 4832, 4888, 5369, 7061, 7457, 7786, 7879, 8244, ]
892  -  [ 475, 544, 761, 2033, 2708, 5539, 6249, 6399, 6918, 7218, 7411, 8478, ]
893  -  [ 860, 1356, 2170, 2756, 2802, 3496, 3647, 3670, 5571, 6263, 6575, 6600, 9482, ]
894  -  [ 6538, 6832, 7570, ]
895  -  [ 917, 3530, 3531, 4095, 5176, 5986, 7373, 7852, 9552, ]
896  -  [ 174, 2182, 2828, 3071, 3354, 3684, 5876, 7997, 9030, ]
897  -  [ 33, 467, 974, 1570, 2465, 2568, 2610, 3388, 3796, 4570, 5056, 5849, 7290, 9671, ]
898  -  [ 1050, 1174, 1764, 2690, 4845, 4846, 7346, 7778, 8734, ]
899  -  [ 897, 4685, 5739, 6080, 6245, 8192, 8832, 8863, 8932, ]
900  -  [ 1223, 2055, 2331, 2653, 3330, 5320, 5417, 6988, 7105, 7724, 7740, 8514, ]
901  -  [ 629, 1646, 2180, 4646, 4854, 5673, ]
902  -  [ 477, 1024, 2365, 3169, 3585, 5266, ]
903  -  [ 1091, 1569, 1645, 1728, 2110, 3417, 3478, 3717, 4056, 4225, 5226, 5455, 5744, 9324, ]
904  -  [ 444, 1173, 5007, 5480, 5481, 5808, ]
905  -  [ 1887, 2506, 3700, 4985, 6166, 6948, 7104, 7996, ]
906  -  [ 671, 1902, 2364, 4709, 5008, 5594, 6017, ]
907  -  [ 71, 207, 1502, 2159, 2464, 3493, 4984, 6244, 7458, 8136, 8509, 8831, ]
908  -  [ 1214, 1384, 1524, 1808, 3150, 4121, 6791, 7335, 9031, 9215, 9689, ]
909  -  [ 164, 3580, 3892, 4487, 4681, 5945, 6827, ]
910  -  [ 546, 823, 1919, 2212, 2221, 3928, 4039, 4261, 5096, ]
911  -  [ 110, 1416, 2211, 3573, 3643, 6705, 8257, ]
912  -  [ 965, 1186, 1976, 2950, 4284, 4789, 5418, 5419, 6617, 7310, 7370, 7690, 8446, 9118, 9881, ]
913  -  [ 173, 1120, 1774, 3414, 4377, 4522, 4523, 5406, 5587, 8014, 8016, ]
914  -  [ 1247, 1442, 1616, 2632, 3047, 3683, 4160, 4251, 4695, 6604, 7255, 7275, 7369, 8006, 8787, 9021, ]
915  -  [ 1648, 1942, 2064, 2088, 4057, 4418, 4708, 4844, 6946, 7712, 9019, 9942, ]
916  -  [ 2181, 2735, 2765, 2923, 6603, 7923, 8397, 8876, ]
917  -  [ 2947, 6308, 6318, 7598, 7922, 7961, ]
918  -  [ 1410, 2109, 3168, 6830, 7292, 8493, 9017, ]
919  -  [ 1222, 2003, 3111, 5333, 8056, 9016, ]
920  -  [ 1132, 1175, 1618, 1661, 1740, 1860, 3389, 4970, 5792, 6015, 7304, 7481, 8716, 9572, ]
921  -  [ 1121, 1213, 1600, 1649, 1739, 2203, 3068, 3426, 3797, 4088, 4423, 4424, 4942, 6383, 7562, 7672, 8245, 8246, 8389, 9798, ]
922  -  [ 1248, 1899, 3445, 5167, 5821, 6329, 6738, 7451, 7863, 8788, 8884, 9602, ]
923  -  [ 247, 1212, 1617, 2575, 5202, 6455, 6456, 7068, 7567, 8883, 9943, ]
924  -  [ 52, 1176, 1572, 3139, 3140, 3904, 3905, 4068, 5114, 5165, 5462, 6500, 9520, ]
925  -  [ 1396, 1802, 2172, 2862, 3201, 3857, 4047, 4759, 5788, 7837, 7840, 7841, 8621, 9813, 9976, ]
926  -  [ 1270, 1939, 1940, 4069, 4224, 5166, 5364, 6016, 6713, 7183, 9967, ]
927  -  [ 29, 1221, 1326, 1530, 3698, 4661, 6317, 6925, 7248, 7573, 9323, ]
928  -  [ 522, 5026, 8850, 9002, 9074, 9963, ]
929  -  [ 628, 1571, 1606, 5057, 7158, 7946, 8524, 9349, 9678, ]
930  -  [ 302, 466, 478, 2384, 5634, 6236, 7406, 8862, ]
931  -  [ 301, 393, 1162, 1209, 1317, 1771, 3519, 3740, 4064, 4800, 4941, 8625, ]
932  -  [ 1107, 1718, 1719, 2160, 3484, 6577, 7338, 8740, 9146, ]
933  -  [ 336, 1049, 2826, 2827, 3517, 4493, 6094, 6415, 6533, 7230, 8531, 8802, ]
934  -  [ 525, 683, 1480, 2323, 2654, 3359, 3863, 5683, 5936, 7605, 8515, 9216, 9535, 9951, ]
935  -  [ 208, 300, 3688, 3689, 4109, 4799, 6838, 7478, 9048, ]
936  -  [ 2999, ]
937  -  [ 2540, 2651, 2958, 3145, 3186, 4084, 8634, 9872, ]
938  -  [ 607, 637, 843, 2053, 5874, 9090, 9253, ]
939  -  [ 1417, 3821, 5509, 5512, 7328, ]
940  -  [ 120, 121, 2054, 2856, 3231, 3500, 3553, 5510, 5608, ]
941  -  [ 311, 5067, 5428, 5573, 6142, 6477, 8635, 8801, ]
942  -  [ 159, 484, 707, 1123, 1294, 5511, 6072, 6224, ]
943  -  [ 483, 485, 1063, 1253, 3723, 9114, 9687, ]
944  -  [ 227, 763, 1642, 1785, 2246, 3292, 4381, 6937, 7464, 8193, 8492, 8543, 8808, 8866, ]
945  -  [ 303, 802, 1144, 3887, 4787, 4823, 6193, 6722, 7015, 7076, 7084, 8567, ]
946  -  [ 1028, 1029, 2816, 3815, 5259, 5764, 8323, 8618, ]
947  -  [ 69, 394, 1096, 1441, 3099, 3535, 5062, 5077, 5233, 5740, 6082, 6945, 7048, 7414, 9953, ]
948  -  [ 677, 762, 2420, 3456, 3457, 4828, 6059, 6936, 7806, 8082, 8459, 8484, 8649, 9147, 9274, ]
949  -  [ 989, 4606, 4607, 5557, 6678, 7085, 7425, 7480, 7572, ]
950  -  [ 150, 552, 1246, 2288, 3657, 6885, 6952, 7044, 7045, 8089, 8786, ]
951  -  [ 287, 531, 2287, 2903, 3192, 5524, 5987, 6677, 7245, 8024, 8102, 9318, ]
952  -  [ 4260, 4571, 7303, 9583, ]
953  -  [ 586, 4152, 9975, ]
954  -  [ 1101, 1102, 5631, 5708, 7392, 7612, 8580, 8619, ]
955  -  [ 349, 367, 1599, 2385, 6076, 6924, 7182, 7302, 8620, 8661, ]
956  -  [ 2482, 3998, 8029, 9244, ]
957  -  [ 385, 2399, 3737, 4046, 7247, 8087, 9474, ]
958  -  [ 432, 556, 828, 1239, 1643, 1763, 2289, 3682, 4829, 7465, 8309, ]
959  -  [ 1669, 3681, 5164, 6307, 8513, ]
960  -  [ 468, 4197, 4453, 6996, ]
961  -  [ 1092, 6007, 7537, 7599, 8377, 8457, ]
962  -  [ 598, 1558, 1687, 1714, 2215, 3254, 3520, 3753, 5041, 5237, 5809, 6352, 8044, 8747, ]
963  -  [ 1, 1364, 1559, 2871, 3375, 4288, 5376, 5810, 6266, 6417, 7523, 8833, ]
964  -  [ 53, 630, 934, 4548, 4705, 4944, 5993, 6344, 6494, 7924, ]
965  -  [ 1363, 2388, 3265, 4396, 6296, 6309, 6840, 8803, ]
966  -  [ 279, 729, 1115, 1240, 1385, 1729, 2881, 3563, 3842, 3893, 3898, 5267, 6226, 6803, 7545, 9358, 9359, 9369, 9464, 9929, ]
967  -  [ 280, 2111, 2429, 3715, 6932, 7101, 7185, 7522, 8897, 9928, ]
968  -  [ 144, 573, 1478, 4244, 4525, 5042, 5119, 5431, 5877, 5934, 7755, 9549, ]
969  -  [ 2141, 2164, 3934, 4675, 6661, 7132, 8224, 8314, 8894, 9362, ]
970  -  [ 773, 2880, 4139, 4526, 5492, 7713, 8623, ]
971  -  [ 862, 5577, 6972, 8375, ]
972  -  [ 617, 966, 3841, 5498, 6154, 7123, 7482, 7692, 7954, 8315, 8343, 8405, ]
973  -  [ 1137, 2499, 5009, 5058, 8109, 9256, ]
974  -  [ 2222, 2868, 3181, 5115, 5541, 5789, 7842, ]
975  -  [ 111, 708, 1333, 1783, 2869, 3289, 3975, 4100, 4512, 6143, 6481, 7141, 7398, 9436, ]
976  -  [ 1146, 2070, 2907, 4378, 4920, 5172, 6565, 8007, 8904, 9701, ]
977  -  [ 1667, 2990, 4351, 5443, 6517, 7012, 9956, ]
978  -  [ 183, 599, 2872, 4608, 5207, 7371, 9088, 9954, ]
979  -  [ 699, 2341, 2761, 2879, 3933, 4394, 5590, 6927, 7660, 7977, 9360, 9361, ]
980  -  [ 756, 1177, 2421, 2697, 3460, 3706, 8650, 8737, 9121, ]
981  -  [ 2541, 5947, 6564, 8622, ]
982  -  [ 532, 697, 2156, 3718, 5281, 5917, 6056, 9849, ]
983  -  [ 3197, 4560, 7709, 8992, ]
984  -  [ 1619, 1977, 3937, 6185, 6449, 7532, 7911, 7914, 8545, ]
985  -  [ 782, 884, 1249, 1306, 2531, 3267, 3470, 3471, 4172, 6114, 6262, 6312, 6912, 6928, 7053, 7098, 9232, 9485, 9679, ]
986  -  [ 395, 600, 918, 2547, 5365, 5507, 6450, 6798, 6892, 7702, 8941, 9603, ]
987  -  [ 4890, 5667, 6917, 9581, ]
988  -  [ 426, 1861, 2078, 3472, 3839, 4391, 4561, 7017, 7018, 7568, ]
989  -  [ 304, 791, 1847, 2520, 3920, 4191, 4304, 5407, 5444, 5948, 7851, ]
990  -  [ 533, 2807, 5168, 6225, 6503, 8107, 8877, ]
991  -  [ 1327, 1531, 8699, 9152, ]
992  -  [ 1109, 1178, 3042, 3656, 4472, 5360, 5501, 6282, 6639, 8225, 8811, 8937, ]
993  -  [ 608, 1560, 1608, 2629, 2810, 3376, 4271, 7026, 9447, 9873, ]
994  -  [ 184, 635, 636, 716, 731, 1045, 3223, 4063, 4226, 4473, 5116, 5212, 6095, 8586, 8624, 9089, 9396, 9544, ]
995  -  [ 1586, 3741, 3822, 5106, 5255, 5578, 6754, 6923, 7378, 7585, 7610, 8124, 8847, ]
996  -  [ 1180, 1277, 3483, 5870, 6155, 6638, 7901, 8264, ]
997  -  [ 602, 1607, 3574, 3671, 3690, 5073, 6149, 8488, 8538, 8961, 9660, ]
998  -  [ 715, 831, 1422, 1585, 2536, 2602, 3814, 9239, 9607, ]
999  -  [ 360, 1423, 2711, 5543, 5925, 6637, 8023, 8093, 9627, 9789, ]
1000  -  [ 155, 508, 2040, 3222, 4420, 5415, 6893, 7676, 7876, 8028, 9233, 9631, ]
1001  -  [ 1931, 2886, 3565, 5080, 5239, 5441, 5710, 5861, 6439, 6845, 7874, 8207, 8215, ]
1002  -  [ 601, 1046, 1328, 5284, ]
1003  -  [ 229, 5508, 5668, 7979, 8800, ]
1004  -  [ 509, 1179, 1276, 3561, 3626, 3676, 4976, 5349, 5935, 6640, 7538, 8088, 9235, ]
1005  -  [ 2743, 4682, 5448, 5900, 8122, ]
1006  -  [ 1598, 3773, 5495, 6706, 7693, 7974, ]
1007  -  [ 672, 2628, 4262, 5086, 5097, 6359, 6537, 6833, 7934, 9475, ]
1008  -  [ 550, 1057, 1681, 1787, 5436, 5862, 7812, 8066, 8331, 8558, ]
1009  -  [ 1056, 1149, 3962, 4187, 5442, 6650, 7893, 8979, 9957, ]
1010  -  [ 698, 1387, 2020, 3966, 3967, 5268, 5830, 6197, 7174, 7586, 7611, 7783, 9517, ]
1011  -  [ 1241, 3534, 3952, 4157, 4864, 5274, 5379, 7341, 7342, 7845, 8238, 8600, 8757, ]
1012  -  [ 54, 678, 2313, 3567, 4540, 4562, 5156, 5490, 5502, 5752, 6842, 9959, ]
1013  -  [ 747, 1627, 5449, 7013, 7246, ]
1014  -  [ 4966, 6989, 8182, ]
1015  -  [ 406, 1730, 2400, 6834, 8451, ]
1016  -  [ 288, 1709, 3831, 5118, 5735, 6033, 7099, 7784, 9234, 9448, ]
1017  -  [ 137, 998, 1151, 1275, 2569, 2620, 4272, 7149, 7910, 8000, 9518, ]
1018  -  [ 206, 228, 1575, 1765, 5208, 5765, 7776, 8559, 9221, ]
1019  -  [ 1529, 3400, 3680, 5522, 7181, 7197, 8582, ]
1020  -  [ 138, 1670, 3562, 4173, 7016, 7635, ]
1021  -  [ 1114, 2570, 3927, 9505, 9966, ]
1022  -  [ 2119, 5753, 6055, 7100, 7569, 9788, ]
1023  -  [ 5602, 9750, ]


		Total Number of Unreachable Target Values when starting value is Cipher = 0