	Rule = 53	Alpha = 0.417579	Seed_Key = 5886		Mixer_Key = 101		Cipher [char]= 120 [ x ]

Showing target values (index) and list of number of iterations after which cipher becomes target value
(Starting from 1st iteration, then 2nd and so on)

  0  -  [ 323, 429, 925, ]
  1  -  [ 416, 538, 913, ]
  2  -  [ 52, 161, 335, 520, 694, ]
  3  -  [ 46, 49, 50, 51, 54, 261, 345, 352, 369, 621, 667, 678, 905, ]
  4  -  [ 65, 358, 422, 423, 456, 457, 475, 624, 986, ]
  5  -  [ 419, 625, 856, ]
  6  -  [ 30, 119, 160, 866, 937, ]
  7  -  [ 159, 219, 256, 303, 637, 674, ]
  8  -  [ 787, ]
  9  -  [ 25, 342, 346, 401, 483, 813, 919, ]
 10  -  [ 113, 250, 872, 891, 895, 896, 976, 977, ]
 11  -  [ 272, 274, 370, 468, 789, 816, 846, 847, 871, 978, ]
 12  -  [ 171, 275, 378, 614, 649, 722, 817, 985, ]
 13  -  [ 74, 193, 340, 343, 612, 814, ]
 14  -  [ 233, 270, 271, 788, 946, ]
 15  -  [ 273, 344, 373, 384, 723, 775, 815, 979, ]
 16  -  [ 82, 220, 388, 819, 992, ]
 17  -  [ 239, 240, 241, 298, 432, 488, 489, 546, 602, 630, 679, 799, 820, 942, 957, ]
 18  -  [ 116, 336, 449, 450, 451, 560, ]
 19  -  [ 387, 452, 685, 798, ]
 20  -  [ 83, 130, 146, 254, 407, ]
 21  -  [ 59, 295, 433, 478, 547, 557, 736, 800, 857, 987, ]
 22  -  [ 122, 129, 238, 529, 675, 676, 735, 738, 860, ]
 23  -  [ 44, 81, 149, 263, 309, 430, 638, 858, 859, ]
 24  -  [ 864, ]
 25  -  [ 182, 264, 306, 492, 540, 541, 918, 922, 959, 961, ]
 26  -  [ 48, 68, 118, 196, 865, 904, ]
 27  -  [ 45, 47, 121, 158, 297, 319, 435, 523, 677, ]
 28  -  [ 2, 255, 408, 498, 601, 870, ]
 29  -  [ 242, 243, 434, 461, 462, 629, 654, 801, 923, 944, 958, 960, 993, ]
 30  -  [ 43, 131, 177, 470, 852, ]
 31  -  [ 3, 4, 548, 890, 988, ]
 32  -  [ 11, 38, 39, 291, 911, ]
 33  -  [ 57, 278, 526, 554, 578, 615, 898, ]
 34  -  [ 95, 96, 97, 156, 216, 316, 360, 513, 514, ]
 35  -  [ 283, 361, 576, ]
 36  -  [ 12, 13, 36, 77, 257, 258, 259, 355, 379, 380, 381, 382, 473, 573, 887, ]
 37  -  [ 136, 137, 292, 293, 527, 555, 707, 900, 933, ]
 38  -  [ 93, 94, 135, 359, 512, 570, 574, 627, 807, 808, 809, 932, 966, ]
 39  -  [ 37, 705, 728, 750, 934, 935, 965, 967, ]
 40  -  [ 204, 599, 690, 730, 848, 849, 909, ]
 41  -  [ 26, 226, 464, 465, 579, 581, 616, 811, 841, 949, ]
 42  -  [ 40, 98, 99, 114, 217, 691, 698, 838, ]
 43  -  [ 188, 251, 317, 353, 375, 516, 777, 892, ]
 44  -  [ 187, 276, 277, 412, 572, 703, 704, 910, ]
 45  -  [ 104, 580, 617, 715, 832, 916, 920, ]
 46  -  [ 22, 35, 41, 72, 395, 598, 780, 850, 897, ]
 47  -  [ 152, 371, 376, 972, 983, ]
 48  -  [ 334, 477, 519, 607, 806, 837, 845, 940, ]
 49  -  [ 24, 106, 144, 304, 396, 491, 539, 912, 917, 938, 941, 948, ]
 50  -  [ 53, 120, 215, 575, 620, 693, 700, 797, ]
 51  -  [ 392, 447, 506, 577, 590, 836, 875, ]
 52  -  [ 78, 302, 356, 414, 474, 571, 648, 734, 779, ]
 53  -  [ 58, 79, 80, 101, 103, 138, 141, 148, 294, 383, 458, 460, 486, 556, 665, 888, 899, ]
 54  -  [ 260, 308, 357, 628, 810, 855, ]
 55  -  [ 14, 17, 207, 505, 626, 968, ]
 56  -  [ 23, 175, 186, 203, 237, 253, 413, 496, 497, 600, 619, 642, 702, 731, 732, 733, ]
 57  -  [ 27, 105, 362, 482, 591, 632, 644, 767, 795, 812, 833, 921, ]
 58  -  [ 16, 71, 92, 115, 157, 205, 206, 368, 393, 394, 515, 699, 774, 931, ]
 59  -  [ 218, 252, 262, 354, 467, 559, 701, ]
 60  -  [ 42, 174, 176, 485, 611, 643, 794, 956, ]
 61  -  [ 102, 487, 712, 713, 781, 835, 840, 889, ]
 62  -  [ 73, 100, 134, 415, 692, 839, ]
 63  -  [ 223, 608, 653, 666, 851, ]
 64  -  [ 245, 246, 364, 438, 622, 657, 753, 878, 879, 926, ]
 65  -  [ 328, 437, 822, ]
 66  -  [ 69, 281, 349, 439, 443, 521, 650, 695, ]
 67  -  [ 181, 185, 194, 351, 609, 947, ]
 68  -  [ 31, 168, 300, 499, 501, 502, 745, 747, ]
 69  -  [ 142, 183, 542, 552, 744, 823, ]
 70  -  [ 169, 180, 280, 289, 424, 425, 426, 445, 567, 585, 748, 752, 830, 867, ]
 71  -  [ 139, 244, 288, ]
 72  -  [ 5, 6, 235, 634, 668, 906, 907, 951, ]
 73  -  [ 341, 399, 463, 768, 790, 995, ]
 74  -  [ 248, 635, 651, 671, 989, ]
 75  -  [ 201, 249, 374, 725, 945, ]
 76  -  [ 234, 717, 785, 952, ]
 77  -  [ 151, 324, 347, 400, 409, 524, 633, 742, 743, 769, 902, 924, ]
 78  -  [ 410, 763, 883, 884, ]
 79  -  [ 64, 179, 325, 636, 724, 727, 770, 980, ]
 80  -  [ 109, 331, 453, 531, 639, 853, ]
 81  -  [ 229, 305, 490, 493, 603, 604, 610, 631, 680, 803, 962, ]
 82  -  [ 162, 337, 440, 441, 587, ]
 83  -  [ 117, 338, 431, 448, 530, 561, 641, 646, 661, 687, 766, ]
 84  -  [ 32, 313, 533, 593, 755, 757, 761, 880, ]
 85  -  [ 28, 85, 123, 145, 307, 389, 390, 549, 737, 834, 869, 943, ]
 86  -  [ 84, 124, 267, 314, 596, 640, 720, 739, 740, 756, 881, 954, ]
 87  -  [ 66, 147, 479, 709, 782, 802, 868, ]
 88  -  [ 110, 125, 310, 404, 584, 681, ]
 89  -  [ 107, 108, 228, 299, 329, 339, 436, 471, 592, 721, 821, ]
 90  -  [ 9, 19, 89, 111, 132, 163, 266, 320, 321, 350, 444, 660, 663, 683, 861, ]
 91  -  [ 18, 225, 322, 686, 711, 844, 975, ]
 92  -  [ 231, 311, 332, 454, 594, 595, 656, 682, 719, ]
 93  -  [ 60, 198, 209, 265, 296, 550, 551, 558, 645, 710, 963, ]
 94  -  [ 197, 268, 741, 828, 829, 882, 998, ]
 95  -  [ 150, 166, 178, 192, 221, 511, 655, 673, 684, 974, 994, ]
 96  -  [ 126, 170, 411, 786, 818, 886, 927, ]
 97  -  [ 330, 398, 417, 606, ]
 98  -  [ 88, 91, 200, 282, 586, 589, 874, 903, ]
 99  -  [ 428, 563, 729, 771, ]
100  -  [ 455, 568, 754, ]
101  -  [ 172, 279, 459, 751, ]
102  -  [ 90, 143, 155, 212, 213, 290, 312, 543, 749, 824, 936, ]
103  -  [ 140, 184, 327, 420, 421, 528, 553, 706, 765, ]
104  -  [ 7, 127, 202, 236, 247, 269, 403, 583, 669, 718, 772, 908, 996, ]
105  -  [ 55, 61, 208, 402, 484, 495, 507, 582, 613, 714, 791, 950, 984, ]
106  -  [ 8, 112, 190, 565, 652, 776, 826, 827, 843, 928, 982, ]
107  -  [ 21, 189, 469, 564, 618, 696, 716, 726, 981, 990, ]
108  -  [ 76, 535, 759, 997, ]
109  -  [ 287, 318, 326, 348, 385, 418, 525, 796, ]
110  -  [ 165, 191, 222, 386, 566, 672, 697, 873, 953, 1000, ]
111  -  [ 75, 372, 764, 885, 973, ]
112  -  [ 67, 167, 214, 284, 509, 689, 805, ]
113  -  [ 397, 481, 647, 877, 914, 939, ]
114  -  [ 15, 315, 365, 442, 588, 658, 659, 662, 930, ]
115  -  [ 70, 366, 446, 522, 562, 688, ]
116  -  [ 34, 86, 154, 173, 301, 500, 532, 534, 569, 746, 783, ]
117  -  [ 29, 230, 504, 708, 901, 915, 969, ]
118  -  [ 33, 87, 286, 480, 503, 536, 544, 597, 955, 970, ]
119  -  [ 10, 164, 391, 406, 427, 476, 825, 831, 862, 964, ]
120  -  [ 153, 210, 285, 333, 472, 518, 623, 670, 778, 893, 894, ]
121  -  [ 62, 227, 494, 517, 605, 804, ]
122  -  [ 128, 195, 199, 367, 510, 773, ]
123  -  [ 20, 133, 537, 876, ]
124  -  [ 1, 377, 508, 758, 784, 792, 793, 854, 991, ]
125  -  [ 56, 63, 363, 466, 842, 863, ]
126  -  [ 211, 232, 405, 545, 760, 762, 929, 971, ]
127  -  [ 224, 664, 999, ]


		Total Number of Unreachable Target Values when starting value is Cipher = 0